sex	unemployment insurance fund	type of benefits	age	region	2018M01	2018M02	2018M03	2018M04	2018M05	2018M06	2018M07	2018M08	2018M09	2018M10	2018M11	2018M12	2019M01	2019M02	2019M03	2019M04	2019M05	2019M06	2019M07	2019M08	2019M09	2019M10	2019M11	2019M12	2020M01	2020M02	
Total	Total	Gross unemployment	16-24 years	Region Hovedstaden	2239	2344	2196	2004	1817	1895	2042	2019	1804	1859	1760	1674	1765	1916	1858	1659	1505	1709	2004	1944	1675	1642	1592	1521	1702	1853
Total	Total	Gross unemployment	16-24 years	Province Byen København	878	960	909	826	780	873	1026	1014	838	844	767	718	795	877	856	781	693	832	1067	1021	834	798	757	701	811	908
Total	Total	Gross unemployment	16-24 years	Copenhagen	699	785	728	669	631	710	853	855	686	699	625	580	650	729	713	652	571	693	893	872	711	676	647	581	688	769
Total	Total	Gross unemployment	16-24 years	Frederiksberg	102	102	115	100	92	106	116	105	92	90	84	83	92	93	85	79	74	93	125	115	92	82	72	81	84	94
Total	Total	Gross unemployment	16-24 years	Dragør	12	11	10	7	6	7	5	6	8	8	7	9	5	8	10	7	6	7	6	5	4	5	5	6	6	7
Total	Total	Gross unemployment	16-24 years	Tårnby	64	61	56	50	51	50	52	48	53	47	50	47	47	47	49	44	42	39	43	29	27	35	32	33	33	37
Total	Total	Gross unemployment	16-24 years	Province Københavns omegn	750	772	727	673	575	574	576	577	534	564	534	513	532	573	554	493	466	508	557	554	498	493	487	474	528	554
Total	Total	Gross unemployment	16-24 years	Albertslund	49	44	38	40	39	36	33	34	27	34	31	27	34	30	29	33	32	36	46	42	34	31	34	41	43	46
Total	Total	Gross unemployment	16-24 years	Ballerup	81	75	71	75	65	62	52	45	45	49	50	48	43	62	61	53	52	56	48	55	55	49	56	50	56	61
Total	Total	Gross unemployment	16-24 years	Brøndby	55	56	48	47	40	37	41	43	40	45	41	34	37	44	52	42	38	39	45	45	42	41	35	39	42	45
Total	Total	Gross unemployment	16-24 years	Gentofte	73	72	75	72	54	57	55	46	42	46	40	39	44	40	46	46	39	42	55	36	31	31	28	22	25	27
Total	Total	Gross unemployment	16-24 years	Gladsaxe	75	80	71	62	51	56	57	52	50	51	49	46	51	58	56	45	42	46	52	48	44	44	34	31	35	38
Total	Total	Gross unemployment	16-24 years	Glostrup	34	37	33	37	33	27	28	28	25	27	26	25	31	27	23	19	22	23	24	27	27	28	32	29	33	32
Total	Total	Gross unemployment	16-24 years	Herlev	47	46	45	43	33	31	25	30	30	35	39	42	33	29	33	32	25	30	28	26	19	18	20	21	24	28
Total	Total	Gross unemployment	16-24 years	Hvidovre	71	69	61	49	45	47	52	58	48	53	53	56	60	64	56	46	45	50	65	65	56	57	51	52	56	59
Total	Total	Gross unemployment	16-24 years	Høje-Taastrup	88	93	95	86	73	78	82	83	73	79	73	74	70	78	70	65	63	65	69	70	69	66	67	64	66	74
Total	Total	Gross unemployment	16-24 years	Ishøj	45	44	43	39	33	34	33	41	44	40	40	33	36	35	34	27	25	38	36	35	32	37	39	41	41	39
Total	Total	Gross unemployment	16-24 years	Lyngby-Taarbæk	54	64	60	50	52	45	53	52	44	39	34	28	30	37	34	31	30	32	33	39	33	33	34	32	39	33
Total	Total	Gross unemployment	16-24 years	Rødovre	61	74	70	59	44	51	54	53	50	49	45	48	48	49	44	40	41	40	45	53	40	44	41	36	47	50
Total	Total	Gross unemployment	16-24 years	Vallensbæk	18	18	18	15	13	13	12	13	15	15	12	12	14	19	17	12	12	12	11	14	14	15	16	16	21	23
Total	Total	Gross unemployment	16-24 years	Province Nordsjælland	548	549	506	461	430	414	398	400	399	408	409	386	384	407	399	349	320	345	354	344	314	313	307	308	322	353
Total	Total	Gross unemployment	16-24 years	Allerød	28	28	24	22	21	18	13	14	19	18	20	19	13	16	16	17	14	10	11	13	11	11	10	9	9	11
Total	Total	Gross unemployment	16-24 years	Egedal	44	43	44	42	41	40	43	42	39	44	38	35	36	33	35	38	39	38	34	33	33	35	32	28	28	32
Total	Total	Gross unemployment	16-24 years	Fredensborg	46	50	40	30	34	32	38	28	33	32	31	27	26	34	33	24	25	30	39	37	29	27	20	19	22	24
Total	Total	Gross unemployment	16-24 years	Frederikssund	67	69	70	68	61	55	47	51	47	56	52	48	40	46	48	41	39	45	40	35	32	31	37	40	41	43
Total	Total	Gross unemployment	16-24 years	Furesø	35	38	36	31	27	29	31	33	31	28	27	20	20	21	18	19	17	21	19	17	15	19	21	21	21	18
Total	Total	Gross unemployment	16-24 years	Gribskov	46	47	45	41	31	31	31	24	32	28	33	30	33	26	29	25	28	28	22	25	29	22	24	28	25	30
Total	Total	Gross unemployment	16-24 years	Halsnæs	55	63	55	47	49	49	51	52	47	49	43	46	49	47	42	34	31	30	31	31	35	34	32	35	41	37
Total	Total	Gross unemployment	16-24 years	Helsingør	109	101	92	83	82	77	60	69	72	65	74	76	81	81	82	73	63	66	72	62	50	53	55	55	51	68
Total	Total	Gross unemployment	16-24 years	Hillerød	64	53	48	50	43	42	41	41	43	47	42	40	49	59	48	40	37	40	50	53	42	42	39	38	43	48
Total	Total	Gross unemployment	16-24 years	Hørsholm	14	16	18	17	14	13	17	16	15	18	19	16	11	14	15	12	8	10	8	11	9	11	10	11	11	10
Total	Total	Gross unemployment	16-24 years	Rudersdal	41	40	33	29	27	28	28	30	23	24	29	28	26	31	33	26	20	29	27	26	29	28	29	23	28	29
Total	Total	Gross unemployment	16-24 years	Province Bornholm	64	63	54	44	32	35	41	29	33	43	50	56	54	58	49	35	26	24	26	25	29	38	41	38	41	38
Total	Total	Gross unemployment	16-24 years	Bornholm	64	63	54	44	32	35	41	29	33	43	50	56	54	58	49	35	26	24	26	25	29	38	41	38	41	38
Total	Total	Gross unemployment	16-24 years	Region Sjælland	1435	1465	1417	1269	1190	1156	1089	1090	1067	1093	1113	1107	1152	1177	1120	1022	937	965	1029	945	899	919	919	903	998	1072
Total	Total	Gross unemployment	16-24 years	Province Østsjælland	360	361	344	327	292	285	289	292	271	270	265	271	280	300	287	262	236	253	291	266	234	252	241	224	248	261
Total	Total	Gross unemployment	16-24 years	Greve	49	48	48	51	34	34	39	43	35	40	40	39	36	34	32	41	42	48	54	47	43	42	42	46	54	52
Total	Total	Gross unemployment	16-24 years	Køge	125	127	127	124	113	114	112	113	98	96	91	94	103	96	91	72	61	65	74	63	58	68	61	54	58	64
Total	Total	Gross unemployment	16-24 years	Lejre	32	27	29	31	27	22	25	27	28	25	27	26	19	24	22	18	15	16	15	21	21	19	17	20	22	24
Total	Total	Gross unemployment	16-24 years	Roskilde	130	141	119	103	99	99	100	98	94	89	92	95	98	123	122	112	99	104	124	115	97	107	96	82	89	94
Total	Total	Gross unemployment	16-24 years	Solrød	24	18	21	19	19	15	12	12	17	19	16	17	24	23	20	18	20	21	24	21	15	17	24	22	26	26
Total	Total	Gross unemployment	16-24 years	Province Vest- og Sydsjælland	1075	1105	1073	942	898	870	800	797	796	824	848	836	872	878	834	760	701	712	738	679	665	667	679	679	749	811
Total	Total	Gross unemployment	16-24 years	Faxe	54	63	58	52	50	51	41	30	35	37	44	43	45	38	35	33	33	33	31	38	35	40	37	31	35	45
Total	Total	Gross unemployment	16-24 years	Guldborgsund	125	128	123	122	113	107	106	111	103	111	113	104	109	102	104	90	82	86	89	78	90	86	82	79	90	101
Total	Total	Gross unemployment	16-24 years	Holbæk	121	125	117	104	94	100	90	91	85	93	81	75	67	79	74	63	60	58	59	54	51	59	68	72	76	81
Total	Total	Gross unemployment	16-24 years	Kalundborg	101	103	101	74	85	79	74	71	71	66	70	79	77	74	62	67	55	50	53	45	53	54	56	53	55	60
Total	Total	Gross unemployment	16-24 years	Lolland	76	72	73	63	67	64	53	44	50	41	50	49	50	58	62	51	47	53	61	48	54	58	56	56	54	49
Total	Total	Gross unemployment	16-24 years	Næstved	158	159	142	129	124	116	116	111	119	114	110	105	114	122	107	103	86	97	101	95	90	91	89	104	126	132
Total	Total	Gross unemployment	16-24 years	Odsherred	52	54	65	55	42	40	32	40	43	48	61	58	66	61	53	53	53	52	43	42	39	34	38	37	39	47
Total	Total	Gross unemployment	16-24 years	Ringsted	47	50	46	38	38	39	46	50	49	48	52	51	56	59	58	47	47	37	37	40	31	27	32	29	28	31
Total	Total	Gross unemployment	16-24 years	Slagelse	168	171	167	156	140	140	122	114	109	127	131	132	136	132	132	129	113	125	142	125	115	124	118	122	136	146
Total	Total	Gross unemployment	16-24 years	Sorø	67	69	68	64	66	61	46	50	50	49	52	56	57	58	58	49	55	55	49	42	43	37	39	40	42	49
Total	Total	Gross unemployment	16-24 years	Stevns	38	38	40	33	29	25	24	29	31	36	37	35	38	36	35	29	24	22	22	23	25	22	25	22	23	21
Total	Total	Gross unemployment	16-24 years	Vordingborg	69	73	72	53	50	50	49	56	50	55	47	50	58	58	55	44	46	44	50	47	40	36	39	34	44	50
Total	Total	Gross unemployment	16-24 years	Region Syddanmark	2138	2198	2107	1896	1734	1736	1884	1816	1634	1671	1675	1661	1799	1881	1750	1573	1446	1597	1792	1712	1518	1533	1526	1504	1713	1770
Total	Total	Gross unemployment	16-24 years	Province Fyn	953	1002	949	837	767	796	882	833	737	758	756	741	820	852	803	712	670	747	854	819	710	687	668	655	774	823
Total	Total	Gross unemployment	16-24 years	Assens	87	91	86	68	65	69	58	61	66	66	71	74	62	60	57	44	42	44	49	46	45	52	55	50	56	62
Total	Total	Gross unemployment	16-24 years	Faaborg-Midtfyn	97	93	94	90	76	77	76	61	62	71	77	76	81	81	72	71	65	61	49	53	42	47	52	59	55	61
Total	Total	Gross unemployment	16-24 years	Kerteminde	40	35	31	30	30	25	31	30	24	31	32	32	26	26	27	28	27	20	15	16	19	20	23	26	27	33
Total	Total	Gross unemployment	16-24 years	Langeland	23	18	16	10	7	8	11	10	14	12	15	12	16	15	18	13	9	13	9	11	14	22	27	21	18	18
Total	Total	Gross unemployment	16-24 years	Middelfart	40	40	39	35	29	27	32	27	31	31	32	30	33	37	34	32	29	31	38	36	39	37	29	30	30	28
Total	Total	Gross unemployment	16-24 years	Nordfyns	61	57	57	44	42	39	38	32	32	32	34	33	33	37	38	29	23	27	26	27	28	28	29	34	33	33
Total	Total	Gross unemployment	16-24 years	Nyborg	54	57	55	49	45	46	48	44	37	45	54	53	54	53	49	52	49	45	37	44	47	51	53	58	58	57
Total	Total	Gross unemployment	16-24 years	Odense	454	511	478	435	401	437	518	498	416	399	375	364	439	469	436	372	348	434	561	525	412	374	345	321	424	464
Total	Total	Gross unemployment	16-24 years	Svendborg	89	90	84	69	66	63	67	68	54	69	65	62	69	66	68	65	72	64	64	56	58	51	49	52	68	60
Total	Total	Gross unemployment	16-24 years	Ærø	9	10	8	7	5	5	4	3	3	3	3	6	7	6	6	5	6	6	5	4	5	5	6	5	4	6
Total	Total	Gross unemployment	16-24 years	Province Sydjylland	1184	1196	1158	1058	967	940	1002	983	898	913	920	920	979	1029	947	861	777	850	938	894	808	846	858	849	939	947
Total	Total	Gross unemployment	16-24 years	Billund	37	37	43	40	32	37	34	27	24	26	27	27	31	28	24	21	16	19	19	18	22	30	31	26	30	33
Total	Total	Gross unemployment	16-24 years	Esbjerg	255	265	245	214	189	200	228	213	195	189	185	190	198	199	185	159	140	168	207	191	158	178	175	171	200	199
Total	Total	Gross unemployment	16-24 years	Fanø	0	1	1	1	1	1	1	3	2	2	2	3	3	1	2	1	0	0	1	2	2	1	1	2	3	1
Total	Total	Gross unemployment	16-24 years	Fredericia	76	82	75	67	60	56	63	60	48	56	57	48	49	53	58	54	49	54	62	62	57	57	60	65	63	68
Total	Total	Gross unemployment	16-24 years	Haderslev	108	97	90	80	76	73	80	80	83	74	81	75	89	106	91	75	77	68	75	65	54	52	52	57	59	55
Total	Total	Gross unemployment	16-24 years	Kolding	154	161	165	157	152	137	146	145	108	123	126	122	135	153	154	150	135	142	146	148	130	134	133	134	140	144
Total	Total	Gross unemployment	16-24 years	Sønderborg	123	113	108	102	90	93	104	103	96	88	86	94	95	93	80	77	71	82	93	83	73	80	82	72	82	82
Total	Total	Gross unemployment	16-24 years	Tønder	55	62	56	53	45	51	51	59	55	57	64	66	64	55	54	50	50	49	50	49	49	39	44	45	53	56
Total	Total	Gross unemployment	16-24 years	Varde	74	72	73	55	47	49	52	51	49	52	54	60	73	79	61	49	47	51	56	64	55	60	60	59	68	61
Total	Total	Gross unemployment	16-24 years	Vejen	53	57	58	53	46	37	45	41	43	42	43	36	39	47	42	36	32	36	40	41	44	44	44	46	49	48
Total	Total	Gross unemployment	16-24 years	Vejle	169	161	157	151	145	132	126	130	122	123	119	121	122	129	123	122	107	119	125	104	98	106	107	101	119	130
Total	Total	Gross unemployment	16-24 years	Aabenraa	81	89	89	86	84	76	71	72	73	82	77	78	82	87	73	67	53	63	63	66	67	64	70	70	74	69
Total	Total	Gross unemployment	16-24 years	Region Midtjylland	2520	2607	2476	2253	2104	2141	2394	2324	2037	1972	1963	1928	2134	2237	2158	1923	1803	1900	2155	2022	1754	1825	1776	1713	1907	2043
Total	Total	Gross unemployment	16-24 years	Province Østjylland	1758	1813	1729	1595	1511	1555	1773	1711	1456	1405	1384	1344	1508	1623	1568	1405	1323	1406	1640	1521	1299	1346	1277	1222	1372	1504
Total	Total	Gross unemployment	16-24 years	Favrskov	79	68	65	56	55	45	53	53	62	56	60	57	60	61	64	55	58	49	47	42	33	39	42	39	42	41
Total	Total	Gross unemployment	16-24 years	Hedensted	58	54	53	51	46	43	40	50	56	57	57	58	61	64	67	66	53	53	53	42	39	41	45	44	44	53
Total	Total	Gross unemployment	16-24 years	Horsens	161	175	185	177	163	153	156	164	147	159	149	137	163	180	196	177	160	162	164	154	147	158	155	146	144	183
Total	Total	Gross unemployment	16-24 years	Norddjurs	95	99	100	97	100	95	102	85	69	77	81	83	83	86	75	71	74	59	54	52	45	54	59	51	56	61
Total	Total	Gross unemployment	16-24 years	Odder	31	33	29	25	22	20	22	19	20	20	18	16	18	21	19	16	18	18	26	25	21	25	23	21	30	27
Total	Total	Gross unemployment	16-24 years	Randers	263	267	256	233	225	227	226	226	198	204	202	213	215	221	222	192	177	184	205	189	174	168	160	153	162	153
Total	Total	Gross unemployment	16-24 years	Samsø	5	7	7	6	4	4	2	3	5	4	3	3	2	2	3	3	3	2	2	0	0	2	1	2	2	2
Total	Total	Gross unemployment	16-24 years	Silkeborg	172	138	126	115	103	107	127	120	113	114	118	123	124	121	107	88	82	81	108	121	100	117	117	116	105	111
Total	Total	Gross unemployment	16-24 years	Skanderborg	75	66	59	63	56	56	69	66	53	53	44	46	44	43	40	37	33	39	40	41	48	42	51	51	55	50
Total	Total	Gross unemployment	16-24 years	Syddjurs	57	44	51	48	45	45	42	39	36	39	43	44	41	48	45	43	38	37	36	31	34	32	31	35	40	40
Total	Total	Gross unemployment	16-24 years	Aarhus	764	862	796	723	692	760	936	884	697	621	609	564	696	777	730	657	625	721	905	823	657	667	594	564	692	783
Total	Total	Gross unemployment	16-24 years	Province Vestjylland	761	795	747	659	593	586	621	613	581	567	579	584	626	614	590	518	479	494	515	501	456	480	499	491	536	539
Total	Total	Gross unemployment	16-24 years	Herning	182	190	177	160	139	141	158	154	138	122	121	123	144	148	145	122	120	123	126	115	115	111	108	113	127	125
Total	Total	Gross unemployment	16-24 years	Holstebro	90	102	93	70	64	67	66	71	62	70	66	60	71	73	80	69	62	60	62	60	57	67	67	58	64	68
Total	Total	Gross unemployment	16-24 years	Ikast-Brande	86	89	81	71	70	63	65	66	66	59	74	65	68	64	61	62	63	59	57	61	50	57	61	53	61	71
Total	Total	Gross unemployment	16-24 years	Lemvig	27	26	23	20	15	15	17	26	34	34	28	34	32	30	25	21	20	17	15	18	20	22	22	20	20	25
Total	Total	Gross unemployment	16-24 years	Ringkøbing-Skjern	96	99	93	72	62	60	55	56	61	68	68	66	74	63	56	47	40	41	38	41	41	39	45	45	44	46
Total	Total	Gross unemployment	16-24 years	Skive	70	73	76	74	63	64	81	69	70	63	61	69	61	60	51	52	43	44	58	58	49	44	48	48	55	53
Total	Total	Gross unemployment	16-24 years	Struer	40	44	44	47	41	40	27	25	30	33	31	29	32	35	36	32	26	25	31	25	21	21	25	28	30	28
Total	Total	Gross unemployment	16-24 years	Viborg	171	172	160	145	140	136	152	146	118	118	129	138	145	142	137	111	105	126	127	124	103	119	123	126	135	123
Total	Total	Gross unemployment	16-24 years	Region Nordjylland	1402	1475	1404	1235	1134	1126	1245	1186	1077	1061	1051	1042	1142	1200	1131	1003	944	1020	1176	1050	936	975	963	941	1042	1100
Total	Total	Gross unemployment	16-24 years	Province Nordjylland	1402	1475	1404	1235	1134	1126	1245	1186	1077	1061	1051	1042	1142	1200	1131	1003	944	1020	1176	1050	936	975	963	941	1042	1100
Total	Total	Gross unemployment	16-24 years	Brønderslev	71	76	68	56	47	40	41	38	40	43	42	43	44	52	49	41	42	33	35	33	25	36	35	35	42	43
Total	Total	Gross unemployment	16-24 years	Frederikshavn	137	130	119	115	101	87	80	87	93	83	85	83	90	96	88	81	77	72	65	59	67	77	75	86	93	79
Total	Total	Gross unemployment	16-24 years	Hjørring	132	136	131	108	98	95	101	96	95	95	94	89	108	106	94	89	85	98	90	84	79	92	102	98	103	114
Total	Total	Gross unemployment	16-24 years	Jammerbugt	63	66	59	50	44	50	44	42	44	55	53	57	58	59	56	44	40	38	38	34	39	45	45	40	48	49
Total	Total	Gross unemployment	16-24 years	Læsø	2	1	1	1	2	2	1	1	2	2	3	2	2	3	2	1	0	0	0	1	1	2	2	2	1	1
Total	Total	Gross unemployment	16-24 years	Mariagerfjord	78	78	80	65	58	51	52	42	46	48	54	56	65	64	60	54	60	60	54	58	57	56	57	67	64	75
Total	Total	Gross unemployment	16-24 years	Morsø	33	30	29	22	18	20	20	24	23	21	21	21	26	23	20	21	17	19	20	16	14	12	11	15	20	20
Total	Total	Gross unemployment	16-24 years	Rebild	32	38	35	32	28	29	31	35	36	41	41	43	43	48	43	33	32	29	31	32	22	26	25	30	36	35
Total	Total	Gross unemployment	16-24 years	Thisted	77	80	82	65	58	53	62	60	53	51	61	62	59	64	60	54	49	45	55	52	52	56	61	59	52	51
Total	Total	Gross unemployment	16-24 years	Vesthimmerlands	79	61	58	55	52	44	48	56	58	61	55	56	56	58	50	46	45	45	46	39	41	38	40	38	40	44
Total	Total	Gross unemployment	16-24 years	Aalborg	697	779	741	668	629	657	764	704	586	561	541	529	590	626	609	539	496	581	741	642	539	536	510	472	542	590
Total	Total	Gross unemployment	16-24 years	Unknown municipality	0	0	0	0	0	0	0	0	0	0	0	0	0	0	0	0	0	0	0	0	0	0	0	0	0	0
Total	Total	Gross unemployment	16-24 years	Abroad	12	14	12	9	8	6	10	17	14	18	9	8	11	11	14	12	7	6	7	14	27	13	10	7	11	7
Total	Total	Gross unemployment	25-29 years	Region Hovedstaden	7246	7510	7163	6690	6425	6628	7591	7494	6990	7064	6753	6672	7057	7360	7100	6568	6268	6745	7868	7701	7069	7065	6834	6653	7117	7425
Total	Total	Gross unemployment	25-29 years	Province Byen København	4574	4761	4468	4184	4010	4275	5173	5103	4622	4677	4410	4327	4608	4840	4637	4323	4119	4584	5620	5407	4856	4828	4638	4418	4763	4996
Total	Total	Gross unemployment	25-29 years	Copenhagen	4033	4180	3919	3640	3495	3733	4512	4435	4018	4070	3837	3769	4043	4254	4081	3806	3638	4006	4915	4727	4258	4232	4064	3870	4166	4375
Total	Total	Gross unemployment	25-29 years	Frederiksberg	402	445	420	419	384	412	511	532	483	481	451	425	432	457	429	412	378	460	586	564	486	488	470	443	480	505
Total	Total	Gross unemployment	25-29 years	Dragør	18	18	18	18	22	21	21	16	17	18	17	22	22	21	19	16	16	20	21	19	15	18	17	16	16	17
Total	Total	Gross unemployment	25-29 years	Tårnby	121	118	111	106	110	109	129	121	104	108	105	111	111	108	108	89	88	96	98	98	97	91	87	88	102	100
Total	Total	Gross unemployment	25-29 years	Province Københavns omegn	1669	1699	1681	1571	1513	1498	1566	1570	1553	1551	1518	1505	1559	1616	1571	1440	1396	1431	1468	1518	1471	1481	1454	1454	1502	1560
Total	Total	Gross unemployment	25-29 years	Albertslund	99	105	115	105	110	105	104	107	111	103	100	109	110	110	87	90	91	94	86	91	82	82	85	88	96	100
Total	Total	Gross unemployment	25-29 years	Ballerup	125	126	128	106	106	108	107	109	106	119	125	120	124	127	129	116	117	121	126	142	134	142	134	126	129	137
Total	Total	Gross unemployment	25-29 years	Brøndby	134	125	126	129	118	121	126	125	123	128	125	125	124	121	123	122	115	116	114	122	110	114	121	120	122	136
Total	Total	Gross unemployment	25-29 years	Gentofte	166	162	157	145	142	141	152	149	136	133	141	137	147	147	145	127	117	125	150	148	142	137	131	124	125	136
Total	Total	Gross unemployment	25-29 years	Gladsaxe	234	243	242	225	210	205	210	202	209	210	193	177	183	191	183	159	159	164	166	166	173	164	155	161	159	169
Total	Total	Gross unemployment	25-29 years	Glostrup	87	79	77	67	68	69	77	80	70	66	65	71	70	76	76	72	80	79	75	71	64	64	65	69	57	68
Total	Total	Gross unemployment	25-29 years	Herlev	83	70	64	56	54	65	59	66	68	62	65	65	56	58	61	50	47	47	49	50	45	51	47	48	54	53
Total	Total	Gross unemployment	25-29 years	Hvidovre	169	178	178	167	168	171	183	163	158	158	156	167	172	174	161	151	143	152	160	157	147	142	144	146	154	159
Total	Total	Gross unemployment	25-29 years	Høje-Taastrup	148	158	160	157	158	151	151	154	164	156	149	152	167	177	177	161	152	141	142	147	156	165	156	164	175	182
Total	Total	Gross unemployment	25-29 years	Ishøj	111	119	119	116	107	103	101	112	108	105	104	100	100	105	103	92	82	86	85	98	104	99	99	98	101	98
Total	Total	Gross unemployment	25-29 years	Lyngby-Taarbæk	141	150	142	129	108	99	117	123	126	140	128	112	124	142	133	128	109	114	131	139	130	126	118	120	125	136
Total	Total	Gross unemployment	25-29 years	Rødovre	139	150	137	138	138	136	153	143	137	130	127	127	136	139	143	135	137	145	138	133	134	141	148	138	148	130
Total	Total	Gross unemployment	25-29 years	Vallensbæk	34	33	36	31	26	24	25	39	37	40	42	41	46	49	52	37	47	50	46	54	53	54	53	51	56	58
Total	Total	Gross unemployment	25-29 years	Province Nordsjælland	900	944	903	837	818	787	790	752	737	746	731	741	788	803	795	733	704	684	734	730	683	692	665	699	755	778
Total	Total	Gross unemployment	25-29 years	Allerød	44	42	40	36	37	33	37	28	27	31	27	29	35	34	39	37	35	33	39	33	27	34	35	34	37	33
Total	Total	Gross unemployment	25-29 years	Egedal	80	83	77	76	80	81	77	73	74	76	79	72	76	81	76	71	73	76	80	76	75	76	69	76	81	80
Total	Total	Gross unemployment	25-29 years	Fredensborg	73	83	72	63	60	64	63	58	66	65	64	72	76	78	77	64	64	60	68	79	71	66	62	63	65	64
Total	Total	Gross unemployment	25-29 years	Frederikssund	94	113	114	105	90	90	90	96	85	84	74	68	80	83	92	80	81	75	80	80	79	76	67	68	79	87
Total	Total	Gross unemployment	25-29 years	Furesø	60	70	67	66	63	51	54	54	55	58	56	60	52	52	48	41	35	42	48	43	48	50	57	56	58	64
Total	Total	Gross unemployment	25-29 years	Gribskov	67	62	58	53	46	50	44	44	40	43	48	53	67	63	68	65	56	51	52	57	49	46	51	52	56	69
Total	Total	Gross unemployment	25-29 years	Halsnæs	81	86	80	75	71	63	62	57	54	62	63	63	70	68	67	58	58	59	52	54	49	55	53	57	59	61
Total	Total	Gross unemployment	25-29 years	Helsingør	154	161	157	131	134	124	123	117	116	116	116	115	127	127	124	125	132	121	122	116	109	111	109	115	137	127
Total	Total	Gross unemployment	25-29 years	Hillerød	102	105	104	98	101	99	101	97	97	86	81	83	95	107	101	93	83	82	91	74	72	63	58	71	76	85
Total	Total	Gross unemployment	25-29 years	Hørsholm	36	40	38	35	38	36	46	42	39	38	38	38	35	34	32	30	28	26	33	32	23	25	23	23	28	28
Total	Total	Gross unemployment	25-29 years	Rudersdal	108	100	96	100	99	96	93	86	85	86	87	87	76	75	71	70	59	59	69	84	82	90	81	83	80	79
Total	Total	Gross unemployment	25-29 years	Province Bornholm	104	105	111	99	85	69	62	69	78	91	95	100	102	101	97	72	48	47	47	46	59	63	77	81	97	91
Total	Total	Gross unemployment	25-29 years	Bornholm	104	105	111	99	85	69	62	69	78	91	95	100	102	101	97	72	48	47	47	46	59	63	77	81	97	91
Total	Total	Gross unemployment	25-29 years	Region Sjælland	2401	2457	2363	2132	2040	1977	2022	1958	1883	1919	1946	2030	2178	2246	2137	1971	1867	1874	1905	1861	1748	1811	1829	1919	2057	2095
Total	Total	Gross unemployment	25-29 years	Province Østsjælland	617	618	596	559	540	544	559	556	524	546	544	556	581	595	575	561	507	506	551	530	508	523	526	532	572	563
Total	Total	Gross unemployment	25-29 years	Greve	92	94	83	84	73	72	81	76	69	73	83	83	88	98	91	81	73	85	91	82	85	92	89	86	92	92
Total	Total	Gross unemployment	25-29 years	Køge	191	192	185	170	161	162	156	154	144	153	152	156	161	162	162	165	145	139	136	137	130	143	143	149	164	165
Total	Total	Gross unemployment	25-29 years	Lejre	46	43	48	50	51	55	48	46	40	36	40	44	34	33	30	31	32	34	38	40	39	37	35	35	38	37
Total	Total	Gross unemployment	25-29 years	Roskilde	245	245	238	213	215	225	247	250	244	253	243	241	263	268	254	246	228	222	256	241	219	215	217	216	237	235
Total	Total	Gross unemployment	25-29 years	Solrød	42	44	42	42	40	31	27	29	27	30	27	31	35	34	38	39	30	26	29	30	35	36	42	45	41	34
Total	Total	Gross unemployment	25-29 years	Province Vest- og Sydsjælland	1784	1840	1767	1573	1500	1433	1463	1402	1359	1373	1402	1474	1597	1651	1563	1410	1360	1368	1354	1332	1240	1288	1304	1387	1485	1531
Total	Total	Gross unemployment	25-29 years	Faxe	100	90	88	72	76	77	76	73	70	75	78	92	95	99	83	73	83	77	74	72	74	81	70	84	88	86
Total	Total	Gross unemployment	25-29 years	Guldborgsund	179	193	191	169	159	151	143	143	129	127	135	153	181	181	183	171	166	154	149	148	137	131	127	130	158	156
Total	Total	Gross unemployment	25-29 years	Holbæk	204	200	185	174	170	159	164	150	144	145	142	147	170	173	162	142	144	146	149	149	143	138	149	149	153	163
Total	Total	Gross unemployment	25-29 years	Kalundborg	147	150	144	123	123	110	107	97	103	109	109	113	106	118	106	93	94	93	92	87	76	86	96	108	112	118
Total	Total	Gross unemployment	25-29 years	Lolland	121	115	108	104	98	89	84	92	93	87	92	94	96	102	98	89	83	77	75	81	74	86	90	89	91	87
Total	Total	Gross unemployment	25-29 years	Næstved	290	311	286	252	238	233	265	235	225	229	229	234	252	254	230	209	199	211	217	211	184	183	189	204	232	250
Total	Total	Gross unemployment	25-29 years	Odsherred	81	87	88	79	70	68	60	69	72	72	71	72	74	68	70	65	58	65	55	57	49	55	59	65	68	78
Total	Total	Gross unemployment	25-29 years	Ringsted	105	115	116	106	95	87	108	98	86	86	89	96	102	110	107	86	95	94	93	105	99	93	93	92	90	92
Total	Total	Gross unemployment	25-29 years	Slagelse	293	308	292	267	250	244	245	234	229	236	252	262	284	300	295	269	240	250	256	241	235	245	240	249	262	259
Total	Total	Gross unemployment	25-29 years	Sorø	80	81	81	73	70	70	65	68	69	65	62	60	70	69	67	65	57	66	59	60	57	63	65	75	80	81
Total	Total	Gross unemployment	25-29 years	Stevns	59	62	61	45	45	42	45	45	43	46	43	46	50	57	55	51	42	43	43	39	36	36	38	45	52	53
Total	Total	Gross unemployment	25-29 years	Vordingborg	125	128	126	107	108	103	101	97	95	95	99	105	118	121	107	98	97	93	93	83	77	90	87	97	100	108
Total	Total	Gross unemployment	25-29 years	Region Syddanmark	4115	4196	3867	3521	3311	3384	3938	3770	3516	3532	3510	3521	3849	3967	3749	3413	3246	3463	4119	3967	3657	3632	3693	3676	4047	4194
Total	Total	Gross unemployment	25-29 years	Province Fyn	2068	2112	1956	1758	1664	1738	2074	1989	1800	1796	1767	1759	1891	2007	1881	1729	1636	1816	2229	2082	1859	1817	1842	1835	1990	2110
Total	Total	Gross unemployment	25-29 years	Assens	120	121	110	95	83	76	82	78	78	85	83	88	93	89	86	78	77	69	82	85	80	84	88	95	90	92
Total	Total	Gross unemployment	25-29 years	Faaborg-Midtfyn	135	133	128	120	106	97	109	114	117	124	127	131	136	140	133	121	109	102	114	112	106	109	114	114	124	126
Total	Total	Gross unemployment	25-29 years	Kerteminde	58	58	52	50	43	50	50	52	41	45	46	55	49	64	57	55	48	54	51	51	47	50	49	51	48	45
Total	Total	Gross unemployment	25-29 years	Langeland	23	19	21	12	15	14	17	17	20	23	23	26	22	21	20	20	21	20	21	19	19	18	16	25	28	27
Total	Total	Gross unemployment	25-29 years	Middelfart	81	74	72	61	62	61	61	67	64	63	63	64	67	74	69	61	52	57	62	59	64	62	66	57	69	74
Total	Total	Gross unemployment	25-29 years	Nordfyns	94	92	79	75	71	70	75	76	76	78	74	69	79	80	71	61	58	61	69	61	56	59	59	62	66	59
Total	Total	Gross unemployment	25-29 years	Nyborg	76	70	63	61	64	67	71	68	74	80	77	79	87	81	75	67	71	68	73	74	73	66	73	81	88	91
Total	Total	Gross unemployment	25-29 years	Odense	1301	1371	1252	1132	1066	1154	1449	1373	1182	1162	1141	1108	1209	1291	1205	1110	1053	1218	1572	1460	1264	1220	1219	1179	1290	1406
Total	Total	Gross unemployment	25-29 years	Svendborg	172	167	168	143	147	145	157	141	140	128	129	133	139	160	154	151	142	161	180	156	146	140	149	162	175	182
Total	Total	Gross unemployment	25-29 years	Ærø	7	9	9	8	7	5	3	3	7	8	6	7	11	8	9	6	6	5	6	6	5	9	10	9	11	8
Total	Total	Gross unemployment	25-29 years	Province Sydjylland	2047	2085	1912	1763	1647	1646	1863	1781	1716	1736	1744	1762	1958	1960	1868	1685	1611	1647	1890	1884	1798	1814	1851	1841	2057	2084
Total	Total	Gross unemployment	25-29 years	Billund	69	68	61	58	48	51	51	43	46	53	49	46	54	51	58	48	38	31	41	40	43	43	56	60	67	70
Total	Total	Gross unemployment	25-29 years	Esbjerg	383	406	373	343	317	328	399	352	347	328	309	313	372	372	341	306	283	304	365	354	317	299	330	326	399	431
Total	Total	Gross unemployment	25-29 years	Fanø	8	7	6	7	5	5	5	5	2	6	6	7	9	4	3	3	6	3	5	6	5	4	3	2	4	5
Total	Total	Gross unemployment	25-29 years	Fredericia	183	184	169	152	145	128	147	137	133	128	133	130	146	150	141	136	138	135	157	156	152	150	152	153	168	166
Total	Total	Gross unemployment	25-29 years	Haderslev	156	171	165	155	149	142	151	131	127	134	150	154	166	167	160	150	143	146	163	155	148	148	149	156	167	180
Total	Total	Gross unemployment	25-29 years	Kolding	308	318	291	257	235	246	293	289	273	276	281	269	292	308	323	278	258	256	314	335	291	279	273	273	279	291
Total	Total	Gross unemployment	25-29 years	Sønderborg	165	156	158	152	141	154	183	173	170	186	189	187	198	194	166	150	143	155	185	181	180	187	183	175	188	189
Total	Total	Gross unemployment	25-29 years	Tønder	104	109	97	88	77	72	77	79	74	86	87	92	104	97	94	79	79	68	78	81	81	94	103	92	107	98
Total	Total	Gross unemployment	25-29 years	Varde	104	118	105	91	95	90	97	100	95	97	90	91	103	100	98	86	74	72	96	89	91	95	97	89	114	109
Total	Total	Gross unemployment	25-29 years	Vejen	91	80	69	67	59	60	71	76	67	70	80	79	83	77	72	68	70	80	76	71	90	86	79	83	86	83
Total	Total	Gross unemployment	25-29 years	Vejle	323	322	291	280	273	268	280	291	284	276	276	283	309	321	302	276	273	280	294	294	278	295	288	292	321	314
Total	Total	Gross unemployment	25-29 years	Aabenraa	153	145	125	114	103	103	109	104	97	94	93	110	123	119	111	105	106	117	114	121	120	134	140	139	157	150
Total	Total	Gross unemployment	25-29 years	Region Midtjylland	5366	5584	5217	4717	4515	4757	5848	5618	5054	4944	4788	4744	5205	5401	5035	4606	4386	4760	5985	5676	5006	4967	4801	4808	5302	5545
Total	Total	Gross unemployment	25-29 years	Province Østjylland	4133	4361	4081	3698	3518	3750	4750	4531	3997	3896	3763	3727	4111	4260	3939	3603	3442	3806	4944	4640	4042	3991	3812	3790	4213	4459
Total	Total	Gross unemployment	25-29 years	Favrskov	117	112	111	105	92	89	92	101	98	92	98	93	94	98	94	78	81	95	104	105	93	84	87	88	92	86
Total	Total	Gross unemployment	25-29 years	Hedensted	81	92	80	65	63	69	69	68	69	73	80	83	85	80	74	63	62	69	91	77	70	70	77	81	97	98
Total	Total	Gross unemployment	25-29 years	Horsens	294	306	283	275	268	272	299	289	281	284	277	278	299	320	306	283	279	294	320	305	291	304	299	307	347	356
Total	Total	Gross unemployment	25-29 years	Norddjurs	155	153	146	143	142	127	132	125	124	124	130	133	126	120	121	113	110	112	109	111	100	99	91	89	93	97
Total	Total	Gross unemployment	25-29 years	Odder	46	53	57	49	48	46	48	49	50	39	38	43	45	42	42	41	29	30	35	37	36	38	36	39	36	42
Total	Total	Gross unemployment	25-29 years	Randers	372	393	377	317	325	329	347	339	328	333	323	314	374	399	376	322	311	330	375	342	339	349	352	352	398	400
Total	Total	Gross unemployment	25-29 years	Samsø	5	7	5	3	2	2	2	2	2	3	4	6	7	8	5	4	3	2	0	1	2	4	6	5	4	5
Total	Total	Gross unemployment	25-29 years	Silkeborg	287	265	253	228	222	222	283	279	248	240	237	244	259	246	231	233	232	245	275	251	242	248	224	222	249	270
Total	Total	Gross unemployment	25-29 years	Skanderborg	103	110	110	97	97	85	105	104	101	95	97	102	107	92	87	91	87	93	111	109	97	97	101	106	108	111
Total	Total	Gross unemployment	25-29 years	Syddjurs	110	112	97	95	81	84	85	84	72	62	67	73	83	93	81	64	65	64	66	77	71	72	76	74	76	84
Total	Total	Gross unemployment	25-29 years	Aarhus	2562	2758	2562	2324	2178	2425	3288	3091	2624	2552	2412	2359	2632	2763	2521	2311	2183	2472	3458	3226	2700	2627	2463	2428	2715	2910
Total	Total	Gross unemployment	25-29 years	Province Vestjylland	1233	1223	1135	1019	997	1007	1098	1087	1057	1049	1025	1017	1095	1141	1096	1002	944	954	1041	1035	964	976	988	1018	1089	1086
Total	Total	Gross unemployment	25-29 years	Herning	302	305	280	260	264	268	302	293	272	268	264	243	249	264	248	240	233	222	247	248	228	227	228	224	241	249
Total	Total	Gross unemployment	25-29 years	Holstebro	150	140	124	105	105	107	124	113	118	120	104	105	127	142	151	132	115	116	125	130	125	125	131	134	150	144
Total	Total	Gross unemployment	25-29 years	Ikast-Brande	121	119	110	105	92	88	101	108	95	83	86	96	106	100	99	92	92	100	108	105	89	97	101	116	120	120
Total	Total	Gross unemployment	25-29 years	Lemvig	50	46	41	37	35	33	42	40	33	39	45	48	50	53	52	41	39	35	34	36	34	29	27	30	35	34
Total	Total	Gross unemployment	25-29 years	Ringkøbing-Skjern	115	110	104	96	94	90	86	81	94	103	111	118	126	129	118	103	92	88	101	100	105	113	106	116	127	122
Total	Total	Gross unemployment	25-29 years	Skive	135	134	132	112	110	103	119	118	116	120	116	105	107	104	97	87	88	95	108	100	93	92	96	92	84	88
Total	Total	Gross unemployment	25-29 years	Struer	49	55	55	44	44	46	45	46	46	41	43	41	42	51	56	53	47	50	49	44	42	43	39	44	50	42
Total	Total	Gross unemployment	25-29 years	Viborg	310	314	289	258	253	272	278	289	284	274	254	261	287	298	276	254	238	248	269	272	248	249	261	260	283	286
Total	Total	Gross unemployment	25-29 years	Region Nordjylland	2606	2695	2555	2328	2188	2308	2831	2712	2448	2447	2341	2280	2439	2552	2385	2134	1986	2177	2796	2762	2466	2443	2454	2466	2629	2712
Total	Total	Gross unemployment	25-29 years	Province Nordjylland	2606	2695	2555	2328	2188	2308	2831	2712	2448	2447	2341	2280	2439	2552	2385	2134	1986	2177	2796	2762	2466	2443	2454	2466	2629	2712
Total	Total	Gross unemployment	25-29 years	Brønderslev	99	109	102	86	85	78	90	90	86	91	89	87	98	113	91	80	72	83	87	84	81	92	94	105	119	116
Total	Total	Gross unemployment	25-29 years	Frederikshavn	211	215	201	185	175	175	177	180	171	183	175	168	192	189	165	149	134	124	136	143	151	141	143	151	173	169
Total	Total	Gross unemployment	25-29 years	Hjørring	222	225	210	181	167	147	155	171	165	169	167	177	195	201	180	168	164	168	192	202	178	191	207	217	219	214
Total	Total	Gross unemployment	25-29 years	Jammerbugt	119	120	110	95	85	88	99	86	81	81	90	91	90	91	84	68	71	68	76	83	77	79	80	89	104	100
Total	Total	Gross unemployment	25-29 years	Læsø	2	2	2	2	0	0	0	0	0	1	2	3	4	2	3	2	1	2	1	1	3	3	4	5	4	4
Total	Total	Gross unemployment	25-29 years	Mariagerfjord	122	128	121	103	96	101	102	103	95	106	110	109	131	132	129	115	103	108	109	115	109	112	117	119	132	135
Total	Total	Gross unemployment	25-29 years	Morsø	55	57	57	51	49	39	44	36	37	39	39	44	47	48	42	36	29	27	29	26	25	31	36	45	47	54
Total	Total	Gross unemployment	25-29 years	Rebild	82	80	76	63	60	61	64	65	62	62	52	59	58	67	69	64	60	56	57	67	69	61	61	59	63	64
Total	Total	Gross unemployment	25-29 years	Thisted	125	122	114	99	97	93	87	82	87	85	92	96	109	103	98	79	67	71	84	85	79	77	89	93	107	101
Total	Total	Gross unemployment	25-29 years	Vesthimmerlands	116	104	103	91	81	86	92	99	100	102	100	100	102	104	99	90	82	80	80	90	91	85	83	89	96	105
Total	Total	Gross unemployment	25-29 years	Aalborg	1453	1535	1459	1372	1293	1441	1921	1802	1564	1528	1425	1347	1414	1505	1425	1283	1204	1390	1945	1867	1603	1570	1540	1494	1565	1651
Total	Total	Gross unemployment	25-29 years	Unknown municipality	0	0	0	0	0	0	0	0	0	0	0	0	0	0	0	0	0	0	0	0	0	0	0	0	0	0
Total	Total	Gross unemployment	25-29 years	Abroad	35	38	27	26	31	24	30	38	47	46	32	26	25	30	41	36	25	26	31	57	90	54	37	21	22	31
Total	Total	Gross unemployment	30-39 years	Region Hovedstaden	11099	11052	10727	10103	10188	10014	9562	10087	9947	10018	9921	9917	10456	10314	10285	9530	9721	9809	9329	9868	9643	9621	9705	9837	10376	10379
Total	Total	Gross unemployment	30-39 years	Province Byen København	6086	6050	5848	5520	5598	5597	5504	5750	5536	5616	5526	5518	5835	5739	5732	5347	5481	5576	5492	5789	5553	5527	5559	5588	5889	5878
Total	Total	Gross unemployment	30-39 years	Copenhagen	5140	5129	4950	4668	4736	4758	4685	4936	4731	4812	4734	4716	4976	4909	4938	4595	4729	4794	4709	5012	4806	4802	4847	4851	5116	5108
Total	Total	Gross unemployment	30-39 years	Frederiksberg	704	695	674	643	652	627	615	620	607	614	604	612	646	628	596	549	539	567	588	580	560	534	514	534	557	570
Total	Total	Gross unemployment	30-39 years	Dragør	44	35	39	38	40	39	40	41	37	29	29	26	32	29	33	36	44	45	36	33	34	32	35	35	33	31
Total	Total	Gross unemployment	30-39 years	Tårnby	199	192	185	171	170	174	163	154	161	161	159	164	181	173	165	167	169	171	159	164	153	159	163	168	182	169
Total	Total	Gross unemployment	30-39 years	Province Københavns omegn	3062	3080	3023	2861	2930	2815	2570	2777	2838	2798	2798	2768	2950	2950	2950	2696	2733	2767	2487	2644	2638	2596	2614	2625	2797	2801
Total	Total	Gross unemployment	30-39 years	Albertslund	198	204	204	198	194	177	155	167	180	191	186	193	207	198	203	187	192	198	160	177	185	182	175	167	174	178
Total	Total	Gross unemployment	30-39 years	Ballerup	204	212	193	180	194	199	184	197	212	204	200	193	208	216	212	188	202	206	176	195	197	180	176	187	206	206
Total	Total	Gross unemployment	30-39 years	Brøndby	333	334	338	332	336	321	289	312	309	318	318	301	310	314	322	291	292	298	264	279	283	275	284	288	314	317
Total	Total	Gross unemployment	30-39 years	Gentofte	263	261	258	247	245	233	223	220	216	211	229	224	256	258	256	224	220	218	208	218	211	211	219	215	232	217
Total	Total	Gross unemployment	30-39 years	Gladsaxe	366	383	376	366	379	366	345	352	373	348	339	324	343	346	344	319	325	322	284	303	304	305	295	300	317	318
Total	Total	Gross unemployment	30-39 years	Glostrup	137	147	145	137	138	132	128	130	132	118	119	120	127	120	124	108	102	108	105	114	119	111	108	114	114	127
Total	Total	Gross unemployment	30-39 years	Herlev	143	135	133	123	128	124	109	125	124	111	120	121	132	133	129	110	124	118	96	99	100	101	100	103	110	105
Total	Total	Gross unemployment	30-39 years	Hvidovre	265	274	262	225	241	235	214	236	238	232	225	231	246	237	245	240	266	270	266	267	266	261	266	251	281	276
Total	Total	Gross unemployment	30-39 years	Høje-Taastrup	359	367	358	340	336	332	286	329	322	323	337	332	346	358	348	328	319	339	280	306	309	317	331	329	339	353
Total	Total	Gross unemployment	30-39 years	Ishøj	242	221	221	219	227	214	180	219	230	221	208	209	227	225	220	206	196	190	162	183	175	175	175	180	195	189
Total	Total	Gross unemployment	30-39 years	Lyngby-Taarbæk	174	170	166	155	153	141	140	136	140	154	167	164	173	169	169	147	142	139	153	163	150	157	160	164	174	176
Total	Total	Gross unemployment	30-39 years	Rødovre	289	280	274	246	254	242	226	260	264	274	258	267	282	295	287	258	260	271	258	263	268	250	257	257	266	265
Total	Total	Gross unemployment	30-39 years	Vallensbæk	90	91	94	91	103	98	90	94	97	93	93	91	94	81	93	91	92	89	74	77	69	70	68	72	76	74
Total	Total	Gross unemployment	30-39 years	Province Nordsjælland	1760	1731	1682	1565	1531	1487	1375	1451	1442	1443	1425	1443	1470	1448	1439	1357	1394	1358	1259	1344	1347	1363	1372	1442	1511	1524
Total	Total	Gross unemployment	30-39 years	Allerød	68	72	65	61	60	55	59	60	54	55	58	55	51	60	59	47	52	53	55	58	55	63	63	72	69	74
Total	Total	Gross unemployment	30-39 years	Egedal	156	146	145	137	145	141	125	130	131	133	135	150	147	143	146	129	133	137	130	144	147	151	144	150	152	148
Total	Total	Gross unemployment	30-39 years	Fredensborg	168	170	165	155	148	150	133	150	161	146	142	158	148	133	137	120	121	123	111	124	119	116	112	127	133	137
Total	Total	Gross unemployment	30-39 years	Frederikssund	172	176	171	152	155	156	147	151	148	154	148	137	136	144	129	116	125	129	117	127	117	126	132	138	152	152
Total	Total	Gross unemployment	30-39 years	Furesø	129	120	122	114	117	113	110	116	109	120	122	121	129	135	149	145	136	124	108	116	118	122	118	115	128	137
Total	Total	Gross unemployment	30-39 years	Gribskov	134	133	134	125	111	103	88	92	91	88	85	88	99	97	96	87	85	82	74	89	95	113	116	118	115	113
Total	Total	Gross unemployment	30-39 years	Halsnæs	160	159	153	132	123	122	112	120	121	125	115	112	116	115	113	109	101	93	93	97	100	98	103	101	118	119
Total	Total	Gross unemployment	30-39 years	Helsingør	317	305	297	284	267	248	229	246	245	246	240	251	260	257	247	244	255	245	230	232	250	232	237	264	279	272
Total	Total	Gross unemployment	30-39 years	Hillerød	212	213	215	210	201	200	184	176	173	179	178	174	170	155	150	148	162	157	147	153	148	148	147	147	156	161
Total	Total	Gross unemployment	30-39 years	Hørsholm	63	62	59	51	54	55	56	63	64	53	59	61	68	60	57	58	63	61	48	53	48	50	50	55	53	64
Total	Total	Gross unemployment	30-39 years	Rudersdal	180	174	156	145	151	145	131	147	145	145	141	137	146	152	157	153	162	154	147	151	148	145	150	157	157	146
Total	Total	Gross unemployment	30-39 years	Province Bornholm	191	190	175	157	129	114	113	109	131	160	173	187	201	177	164	130	113	108	90	91	105	136	161	182	180	176
Total	Total	Gross unemployment	30-39 years	Bornholm	191	190	175	157	129	114	113	109	131	160	173	187	201	177	164	130	113	108	90	91	105	136	161	182	180	176
Total	Total	Gross unemployment	30-39 years	Region Sjælland	4199	4153	4170	3861	3758	3622	3353	3439	3426	3484	3555	3555	3711	3695	3638	3289	3250	3214	3019	3172	3202	3249	3299	3441	3655	3621
Total	Total	Gross unemployment	30-39 years	Province Østsjælland	1027	1014	998	951	952	891	858	911	896	884	883	869	871	869	894	802	830	814	765	830	852	847	869	874	924	909
Total	Total	Gross unemployment	30-39 years	Greve	205	188	187	177	179	158	149	167	172	178	172	166	153	166	178	166	168	162	143	158	175	158	172	170	178	160
Total	Total	Gross unemployment	30-39 years	Køge	266	269	267	258	252	236	225	225	231	224	237	238	255	254	257	223	234	226	216	227	230	240	235	243	262	254
Total	Total	Gross unemployment	30-39 years	Lejre	96	97	89	86	92	83	79	91	80	82	89	85	89	86	88	74	70	76	78	79	82	84	87	92	93	88
Total	Total	Gross unemployment	30-39 years	Roskilde	376	384	384	368	371	360	345	371	362	340	333	335	324	313	316	287	302	298	280	309	310	308	309	302	319	336
Total	Total	Gross unemployment	30-39 years	Solrød	84	76	72	62	58	53	59	57	52	60	52	44	50	50	55	52	57	51	48	58	55	58	66	67	73	71
Total	Total	Gross unemployment	30-39 years	Province Vest- og Sydsjælland	3172	3139	3172	2911	2806	2732	2495	2528	2530	2600	2671	2686	2840	2825	2744	2486	2420	2399	2254	2342	2350	2402	2430	2567	2731	2712
Total	Total	Gross unemployment	30-39 years	Faxe	186	179	182	177	181	183	174	183	178	182	180	181	186	184	185	164	157	144	141	153	143	155	157	162	174	166
Total	Total	Gross unemployment	30-39 years	Guldborgsund	356	358	394	370	347	340	310	322	318	326	350	348	357	358	338	292	284	292	273	281	288	284	289	309	324	335
Total	Total	Gross unemployment	30-39 years	Holbæk	347	340	332	294	291	287	252	267	263	265	277	294	316	313	300	268	273	266	241	240	248	253	239	260	285	284
Total	Total	Gross unemployment	30-39 years	Kalundborg	242	237	246	216	212	190	181	182	185	195	191	191	203	206	184	174	170	169	161	180	189	184	174	175	194	197
Total	Total	Gross unemployment	30-39 years	Lolland	231	230	233	211	207	188	177	167	160	174	187	185	186	180	189	173	173	159	141	149	157	163	172	182	199	184
Total	Total	Gross unemployment	30-39 years	Næstved	499	491	491	462	432	424	401	396	400	415	405	413	450	429	412	361	361	358	337	364	350	370	374	406	423	414
Total	Total	Gross unemployment	30-39 years	Odsherred	181	164	168	162	151	147	132	124	130	127	130	130	140	139	134	125	120	116	116	115	123	115	129	135	145	134
Total	Total	Gross unemployment	30-39 years	Ringsted	179	174	173	158	167	163	143	158	164	167	162	150	153	158	157	140	136	139	123	137	134	136	146	149	165	157
Total	Total	Gross unemployment	30-39 years	Slagelse	434	448	434	392	364	364	328	327	331	336	347	351	383	374	376	352	330	341	333	330	323	339	342	374	384	400
Total	Total	Gross unemployment	30-39 years	Sorø	153	149	147	136	134	122	102	113	113	117	118	123	138	139	135	122	120	110	108	103	117	105	106	109	122	118
Total	Total	Gross unemployment	30-39 years	Stevns	122	122	122	104	92	99	93	86	83	88	98	86	85	91	96	94	94	90	89	79	82	88	80	81	78	88
Total	Total	Gross unemployment	30-39 years	Vordingborg	240	248	250	230	228	224	203	202	206	208	226	233	243	254	238	220	201	216	191	211	197	210	223	226	237	234
Total	Total	Gross unemployment	30-39 years	Region Syddanmark	6305	6197	5994	5470	5453	5311	5029	5295	5195	5255	5323	5497	5728	5699	5532	5028	5022	5106	4895	5247	5133	5243	5415	5560	5902	5919
Total	Total	Gross unemployment	30-39 years	Province Fyn	2893	2825	2738	2524	2495	2461	2365	2429	2348	2388	2394	2475	2603	2586	2501	2300	2302	2353	2271	2457	2375	2396	2457	2514	2637	2633
Total	Total	Gross unemployment	30-39 years	Assens	198	192	195	177	159	164	150	147	143	153	170	167	177	190	181	159	158	155	151	168	160	163	167	179	185	176
Total	Total	Gross unemployment	30-39 years	Faaborg-Midtfyn	265	263	243	220	213	205	209	230	212	211	209	211	223	228	221	200	191	189	178	194	188	188	207	223	234	239
Total	Total	Gross unemployment	30-39 years	Kerteminde	136	128	129	109	108	111	98	114	109	104	109	111	111	115	105	99	101	100	86	107	98	96	102	108	110	112
Total	Total	Gross unemployment	30-39 years	Langeland	80	77	64	59	54	52	45	50	56	59	58	66	63	60	55	51	43	47	52	57	54	59	60	70	78	67
Total	Total	Gross unemployment	30-39 years	Middelfart	133	144	152	123	123	121	99	111	108	124	123	133	134	133	124	119	109	112	100	107	100	103	111	119	130	124
Total	Total	Gross unemployment	30-39 years	Nordfyns	165	155	144	126	124	126	126	133	142	139	141	139	150	148	138	120	120	125	126	137	146	145	142	142	159	156
Total	Total	Gross unemployment	30-39 years	Nyborg	165	144	141	143	131	128	135	122	120	124	128	138	148	139	129	121	120	117	115	127	132	139	140	144	155	158
Total	Total	Gross unemployment	30-39 years	Odense	1398	1384	1344	1266	1273	1246	1215	1240	1175	1189	1183	1214	1274	1256	1233	1151	1177	1213	1187	1245	1202	1219	1224	1190	1248	1274
Total	Total	Gross unemployment	30-39 years	Svendborg	331	317	308	281	294	293	275	268	266	266	252	271	297	293	287	258	262	274	260	298	275	266	283	315	309	299
Total	Total	Gross unemployment	30-39 years	Ærø	20	19	19	19	17	16	14	13	16	20	22	25	27	24	26	22	20	22	15	17	20	20	22	23	30	29
Total	Total	Gross unemployment	30-39 years	Province Sydjylland	3412	3372	3256	2946	2958	2850	2664	2866	2847	2867	2929	3022	3125	3113	3031	2727	2721	2753	2625	2790	2757	2847	2958	3046	3264	3285
Total	Total	Gross unemployment	30-39 years	Billund	115	122	109	102	103	92	76	78	86	89	94	100	99	101	93	79	75	75	65	70	85	96	106	113	114	117
Total	Total	Gross unemployment	30-39 years	Esbjerg	596	599	581	533	529	487	446	499	467	469	491	491	504	521	497	449	443	433	428	439	422	425	423	458	501	512
Total	Total	Gross unemployment	30-39 years	Fanø	17	19	20	17	17	16	10	11	10	10	13	16	17	20	17	15	14	13	9	11	8	8	11	11	13	14
Total	Total	Gross unemployment	30-39 years	Fredericia	305	298	307	299	295	290	269	268	276	282	285	305	303	298	298	275	268	283	270	280	269	268	269	270	279	293
Total	Total	Gross unemployment	30-39 years	Haderslev	256	246	254	219	221	213	203	213	215	215	210	217	246	254	248	211	223	214	219	225	210	243	252	267	287	280
Total	Total	Gross unemployment	30-39 years	Kolding	440	426	418	383	389	379	368	409	400	401	395	406	408	421	432	414	409	407	390	398	376	396	420	412	446	442
Total	Total	Gross unemployment	30-39 years	Sønderborg	340	345	306	275	282	262	240	266	283	278	284	301	303	302	285	254	254	281	262	269	280	284	292	308	335	339
Total	Total	Gross unemployment	30-39 years	Tønder	145	135	138	119	111	108	109	115	111	109	112	128	132	135	122	104	108	100	89	108	121	123	133	150	162	151
Total	Total	Gross unemployment	30-39 years	Varde	198	199	194	165	155	148	133	152	155	158	172	186	203	187	171	149	131	134	128	144	144	151	159	169	193	197
Total	Total	Gross unemployment	30-39 years	Vejen	185	173	169	148	154	141	128	136	143	155	161	160	168	152	149	146	150	159	145	150	148	146	156	168	175	172
Total	Total	Gross unemployment	30-39 years	Vejle	546	545	504	452	462	473	463	483	486	488	489	481	500	487	480	425	439	431	425	476	466	483	508	509	535	530
Total	Total	Gross unemployment	30-39 years	Aabenraa	270	264	257	235	241	242	219	235	215	214	223	230	241	234	239	208	208	223	195	222	229	224	229	211	226	239
Total	Total	Gross unemployment	30-39 years	Region Midtjylland	6506	6525	6366	5804	5825	5708	5495	5918	5876	5917	5894	6017	6328	6389	6154	5645	5731	5724	5626	6034	5878	5946	6033	6208	6455	6418
Total	Total	Gross unemployment	30-39 years	Province Østjylland	4562	4548	4442	4075	4142	4047	3966	4238	4172	4201	4204	4251	4449	4513	4365	4013	4120	4142	4117	4416	4245	4265	4301	4425	4564	4570
Total	Total	Gross unemployment	30-39 years	Favrskov	177	160	162	132	132	133	134	149	148	163	161	176	180	189	171	147	151	148	130	142	138	151	155	167	191	202
Total	Total	Gross unemployment	30-39 years	Hedensted	153	150	153	133	132	127	125	130	129	139	143	141	155	155	154	142	143	135	122	128	132	133	144	154	164	152
Total	Total	Gross unemployment	30-39 years	Horsens	455	439	439	409	395	372	342	393	389	403	409	404	427	417	411	390	385	385	369	407	416	436	451	462	471	458
Total	Total	Gross unemployment	30-39 years	Norddjurs	188	186	176	157	165	152	150	163	172	173	168	176	191	193	186	175	168	178	178	185	161	163	160	167	165	169
Total	Total	Gross unemployment	30-39 years	Odder	103	100	103	95	97	95	87	92	89	75	77	88	84	85	87	76	82	74	69	72	71	73	82	86	100	96
Total	Total	Gross unemployment	30-39 years	Randers	516	524	510	466	466	466	438	457	445	467	463	459	483	503	469	442	451	452	429	463	451	442	460	481	503	487
Total	Total	Gross unemployment	30-39 years	Samsø	32	34	37	31	23	14	9	7	14	25	31	31	32	31	29	19	17	12	10	12	17	22	30	29	26	31
Total	Total	Gross unemployment	30-39 years	Silkeborg	433	428	413	367	366	363	358	388	353	367	379	393	402	417	380	351	364	357	351	393	370	382	396	411	435	428
Total	Total	Gross unemployment	30-39 years	Skanderborg	217	216	196	181	183	187	184	200	207	201	205	200	206	207	192	177	179	178	180	189	178	187	184	213	201	211
Total	Total	Gross unemployment	30-39 years	Syddjurs	169	175	181	166	168	166	164	178	167	162	170	183	194	182	181	150	163	153	157	176	183	164	153	149	162	157
Total	Total	Gross unemployment	30-39 years	Aarhus	2119	2138	2071	1938	2015	1971	1975	2079	2060	2027	1997	2002	2096	2134	2105	1943	2017	2071	2123	2248	2129	2113	2086	2106	2145	2177
Total	Total	Gross unemployment	30-39 years	Province Vestjylland	1944	1976	1924	1729	1683	1660	1529	1681	1704	1716	1691	1766	1878	1876	1789	1633	1611	1582	1508	1618	1634	1681	1732	1784	1891	1848
Total	Total	Gross unemployment	30-39 years	Herning	493	514	495	446	443	438	397	444	443	443	433	447	472	464	428	399	410	403	382	409	406	427	418	426	459	450
Total	Total	Gross unemployment	30-39 years	Holstebro	252	250	236	199	185	184	163	184	213	202	204	211	210	219	209	184	187	188	177	194	195	191	215	236	251	246
Total	Total	Gross unemployment	30-39 years	Ikast-Brande	223	223	217	215	203	188	153	173	171	170	174	187	201	205	193	170	159	156	143	154	162	172	176	182	184	188
Total	Total	Gross unemployment	30-39 years	Lemvig	89	88	82	72	64	61	57	57	59	59	57	67	72	66	65	54	56	59	51	51	54	57	54	64	72	77
Total	Total	Gross unemployment	30-39 years	Ringkøbing-Skjern	177	199	202	173	173	177	155	168	170	184	187	197	209	204	202	197	184	184	165	178	175	183	200	203	218	234
Total	Total	Gross unemployment	30-39 years	Skive	175	165	164	144	136	128	135	143	133	137	129	143	163	161	149	137	128	134	135	148	142	133	136	130	136	128
Total	Total	Gross unemployment	30-39 years	Struer	75	78	78	71	67	66	71	77	82	73	74	83	97	96	97	86	82	84	79	81	90	96	98	91	103	93
Total	Total	Gross unemployment	30-39 years	Viborg	461	460	449	409	412	419	398	434	433	450	433	432	453	461	446	405	404	374	377	402	410	422	436	452	468	431
Total	Total	Gross unemployment	30-39 years	Region Nordjylland	3412	3372	3293	2994	2888	2778	2673	2875	2801	2813	2839	2925	3081	3100	2894	2615	2616	2596	2541	2696	2574	2712	2745	2901	3194	3147
Total	Total	Gross unemployment	30-39 years	Province Nordjylland	3412	3372	3293	2994	2888	2778	2673	2875	2801	2813	2839	2925	3081	3100	2894	2615	2616	2596	2541	2696	2574	2712	2745	2901	3194	3147
Total	Total	Gross unemployment	30-39 years	Brønderslev	224	219	210	199	197	173	160	171	157	164	181	191	192	188	182	171	151	145	136	159	163	178	165	179	194	184
Total	Total	Gross unemployment	30-39 years	Frederikshavn	358	353	343	306	278	243	233	257	263	290	287	286	310	339	297	265	268	253	235	248	248	260	261	278	315	293
Total	Total	Gross unemployment	30-39 years	Hjørring	367	364	366	318	298	274	256	270	267	251	248	271	303	300	279	248	246	241	253	239	223	241	255	276	310	300
Total	Total	Gross unemployment	30-39 years	Jammerbugt	176	174	172	148	136	140	132	138	137	127	124	143	151	146	128	114	123	124	106	111	111	131	134	148	167	163
Total	Total	Gross unemployment	30-39 years	Læsø	13	13	10	5	4	3	2	1	4	10	12	14	14	13	13	6	3	4	3	4	3	4	8	7	7	5
Total	Total	Gross unemployment	30-39 years	Mariagerfjord	210	222	218	196	193	189	185	198	200	196	192	208	225	218	189	167	182	176	151	149	145	152	165	187	209	194
Total	Total	Gross unemployment	30-39 years	Morsø	73	67	72	58	57	59	52	54	49	54	64	72	77	73	64	58	57	56	44	56	54	57	62	75	84	78
Total	Total	Gross unemployment	30-39 years	Rebild	149	145	145	125	114	112	97	114	115	111	111	115	127	134	133	104	101	97	89	104	97	103	103	113	126	122
Total	Total	Gross unemployment	30-39 years	Thisted	192	170	154	152	150	137	117	141	132	149	161	159	164	166	159	142	147	137	132	151	161	175	173	183	203	203
Total	Total	Gross unemployment	30-39 years	Vesthimmerlands	244	239	232	201	184	170	146	167	172	174	169	175	198	198	181	154	156	165	143	171	165	168	177	179	192	189
Total	Total	Gross unemployment	30-39 years	Aalborg	1406	1406	1373	1286	1276	1279	1293	1363	1307	1286	1290	1291	1321	1325	1269	1187	1184	1198	1249	1305	1204	1243	1242	1277	1389	1417
Total	Total	Gross unemployment	30-39 years	Unknown municipality	0	0	0	0	0	0	0	0	0	0	0	0	0	0	0	0	0	0	0	0	0	0	0	0	0	0
Total	Total	Gross unemployment	30-39 years	Abroad	32	38	27	31	31	30	30	24	36	34	29	22	28	29	26	26	28	29	25	37	68	56	35	28	33	31
