sex	unemployment insurance fund	type of benefits	age	region	2018M01	2018M02	2018M03	2018M04	2018M05	2018M06	2018M07	2018M08	2018M09	2018M10	2018M11	2018M12	2019M01	2019M02	2019M03	2019M04	2019M05	2019M06	2019M07	2019M08	2019M09	2019M10	2019M11	2019M12	2020M01	2020M02	
Total	Total	Gross unemployment	40-49 years	Region Hovedstaden	8181	8095	7872	7373	7561	7324	6220	6921	7037	7127	7191	7224	7618	7519	7469	6744	6919	6996	5996	6783	6852	6879	6976	7192	7568	7481
Total	Total	Gross unemployment	40-49 years	Province Byen København	3847	3805	3669	3453	3580	3496	3040	3344	3352	3415	3412	3414	3617	3556	3550	3203	3360	3395	3000	3385	3363	3370	3397	3479	3673	3620
Total	Total	Gross unemployment	40-49 years	Copenhagen	3144	3100	2979	2817	2926	2863	2479	2740	2731	2796	2810	2808	2977	2929	2912	2627	2776	2808	2478	2782	2793	2787	2819	2889	3065	3011
Total	Total	Gross unemployment	40-49 years	Frederiksberg	481	485	481	449	450	442	388	421	426	417	408	409	436	429	432	392	398	404	369	421	409	420	412	415	427	434
Total	Total	Gross unemployment	40-49 years	Dragør	52	51	52	44	49	40	37	41	41	43	49	46	46	46	47	44	43	45	32	45	36	37	40	46	46	45
Total	Total	Gross unemployment	40-49 years	Tårnby	170	169	157	143	155	150	135	142	154	159	145	149	158	152	159	140	143	137	121	137	125	125	126	129	134	130
Total	Total	Gross unemployment	40-49 years	Province Københavns omegn	2495	2461	2432	2295	2381	2312	1874	2147	2193	2220	2261	2241	2340	2339	2347	2145	2188	2203	1802	2054	2122	2119	2151	2183	2301	2319
Total	Total	Gross unemployment	40-49 years	Albertslund	185	192	191	175	175	169	131	143	158	163	161	158	166	174	161	151	152	157	118	135	155	154	149	145	142	151
Total	Total	Gross unemployment	40-49 years	Ballerup	197	194	194	176	182	174	132	158	160	163	158	161	169	178	176	161	159	151	117	143	154	162	166	165	175	165
Total	Total	Gross unemployment	40-49 years	Brøndby	216	204	211	211	231	231	186	219	221	215	212	217	235	232	242	213	218	214	170	208	218	209	214	220	234	230
Total	Total	Gross unemployment	40-49 years	Gentofte	237	244	236	213	229	229	192	237	252	244	265	245	260	250	251	237	234	234	203	233	228	236	236	230	239	233
Total	Total	Gross unemployment	40-49 years	Gladsaxe	283	285	285	279	286	270	221	244	257	248	267	271	265	265	260	240	250	248	208	231	237	238	243	250	279	274
Total	Total	Gross unemployment	40-49 years	Glostrup	126	123	122	108	120	111	110	106	109	106	106	103	110	109	109	92	107	105	93	94	96	112	101	102	101	99
Total	Total	Gross unemployment	40-49 years	Herlev	114	115	105	102	101	97	81	91	90	97	90	93	95	96	100	92	93	93	73	83	81	67	77	78	79	91
Total	Total	Gross unemployment	40-49 years	Hvidovre	218	212	205	196	193	195	161	176	176	189	193	189	196	203	207	183	184	186	154	176	176	172	171	189	199	205
Total	Total	Gross unemployment	40-49 years	Høje-Taastrup	285	276	277	263	270	260	198	246	233	249	246	251	268	268	267	252	249	257	195	230	240	233	251	251	277	274
Total	Total	Gross unemployment	40-49 years	Ishøj	178	172	173	170	170	168	132	141	159	166	159	153	154	149	155	142	143	148	116	142	147	152	153	160	162	170
Total	Total	Gross unemployment	40-49 years	Lyngby-Taarbæk	174	172	163	150	164	158	138	162	152	160	160	157	170	162	170	154	156	162	150	155	148	145	147	150	153	145
Total	Total	Gross unemployment	40-49 years	Rødovre	221	213	213	193	199	194	154	171	178	179	191	189	199	196	192	186	197	200	168	180	191	185	190	188	204	214
Total	Total	Gross unemployment	40-49 years	Vallensbæk	60	58	56	60	62	55	37	52	48	40	51	53	53	57	56	42	46	49	37	46	52	53	53	55	57	68
Total	Total	Gross unemployment	40-49 years	Province Nordsjælland	1643	1641	1599	1491	1485	1420	1221	1338	1377	1349	1343	1383	1460	1437	1401	1290	1286	1321	1120	1264	1279	1272	1278	1371	1427	1387
Total	Total	Gross unemployment	40-49 years	Allerød	64	56	54	47	53	51	46	53	50	56	61	58	59	60	64	52	50	60	43	51	57	57	61	62	73	71
Total	Total	Gross unemployment	40-49 years	Egedal	144	143	137	121	125	118	105	115	128	126	131	139	142	152	148	124	123	118	108	120	114	119	115	126	135	131
Total	Total	Gross unemployment	40-49 years	Fredensborg	140	133	123	119	118	122	107	117	120	121	136	127	134	133	129	121	119	121	97	117	115	127	113	129	136	123
Total	Total	Gross unemployment	40-49 years	Frederikssund	187	197	184	159	165	149	124	134	137	142	144	143	140	129	130	121	115	124	108	118	112	114	124	141	147	135
Total	Total	Gross unemployment	40-49 years	Furesø	135	129	138	134	137	132	106	123	125	112	113	117	127	128	124	117	127	119	99	107	114	114	111	119	136	129
Total	Total	Gross unemployment	40-49 years	Gribskov	152	154	147	130	121	102	89	93	102	104	102	104	120	125	120	108	104	106	89	94	96	96	114	119	118	113
Total	Total	Gross unemployment	40-49 years	Halsnæs	133	128	139	125	109	109	92	96	101	103	99	104	126	114	114	108	99	101	91	99	101	105	108	121	120	122
Total	Total	Gross unemployment	40-49 years	Helsingør	255	269	268	259	255	247	212	224	245	217	201	212	227	233	218	201	215	216	184	223	223	205	197	210	221	228
Total	Total	Gross unemployment	40-49 years	Hillerød	183	193	184	176	172	157	134	143	142	143	133	149	160	150	139	136	140	146	120	131	126	120	119	130	127	119
Total	Total	Gross unemployment	40-49 years	Hørsholm	69	69	69	69	78	76	72	86	75	65	74	73	68	65	68	62	60	63	54	61	59	55	60	62	61	61
Total	Total	Gross unemployment	40-49 years	Rudersdal	181	171	156	151	152	158	133	155	153	158	150	156	157	147	146	140	135	148	127	142	163	159	156	153	152	153
Total	Total	Gross unemployment	40-49 years	Province Bornholm	196	189	172	133	114	97	86	92	115	144	175	187	201	187	172	105	85	78	75	80	88	119	151	159	166	156
Total	Total	Gross unemployment	40-49 years	Bornholm	196	189	172	133	114	97	86	92	115	144	175	187	201	187	172	105	85	78	75	80	88	119	151	159	166	156
Total	Total	Gross unemployment	40-49 years	Region Sjælland	3592	3587	3516	3098	3058	2885	2483	2698	2727	2811	2920	3009	3177	3170	3064	2769	2671	2640	2366	2557	2564	2616	2655	2826	2963	2948
Total	Total	Gross unemployment	40-49 years	Province Østsjælland	865	838	830	754	799	767	639	738	742	756	757	758	771	755	751	699	689	688	609	704	711	726	728	748	787	783
Total	Total	Gross unemployment	40-49 years	Greve	191	179	180	161	177	159	131	154	161	162	170	161	157	164	165	162	162	156	131	142	147	145	162	163	156	163
Total	Total	Gross unemployment	40-49 years	Køge	235	236	213	200	200	196	156	184	193	209	201	212	206	197	192	180	182	177	158	173	183	187	184	203	222	204
Total	Total	Gross unemployment	40-49 years	Lejre	89	85	80	64	70	71	67	76	83	74	75	70	76	68	66	58	59	66	60	74	71	69	65	68	71	75
Total	Total	Gross unemployment	40-49 years	Roskilde	290	274	292	269	286	272	228	264	250	251	246	249	273	268	273	246	238	237	209	251	243	242	244	231	253	259
Total	Total	Gross unemployment	40-49 years	Solrød	60	65	65	60	66	68	56	60	55	60	64	65	60	58	54	52	47	52	51	65	68	83	74	83	84	83
Total	Total	Gross unemployment	40-49 years	Province Vest- og Sydsjælland	2727	2748	2686	2344	2259	2118	1844	1960	1985	2055	2163	2251	2406	2415	2313	2071	1983	1951	1757	1852	1853	1890	1926	2078	2177	2165
Total	Total	Gross unemployment	40-49 years	Faxe	160	158	146	131	124	110	100	113	120	119	120	128	147	146	140	125	115	109	101	112	116	125	122	132	147	141
Total	Total	Gross unemployment	40-49 years	Guldborgsund	260	255	246	208	211	182	163	170	182	179	204	210	235	242	236	203	188	188	165	177	181	191	193	206	243	245
Total	Total	Gross unemployment	40-49 years	Holbæk	277	264	258	225	225	209	189	212	195	215	232	230	234	249	234	225	214	212	181	195	195	196	192	203	212	195
Total	Total	Gross unemployment	40-49 years	Kalundborg	208	208	195	157	145	125	113	118	120	136	158	164	173	164	147	132	127	127	113	117	115	123	129	148	164	170
Total	Total	Gross unemployment	40-49 years	Lolland	237	247	249	224	193	179	155	159	156	167	181	186	196	201	187	173	157	155	143	138	137	133	144	158	177	170
Total	Total	Gross unemployment	40-49 years	Næstved	445	446	440	377	361	340	286	298	308	319	310	337	364	349	344	295	298	289	263	282	286	289	300	316	319	338
Total	Total	Gross unemployment	40-49 years	Odsherred	165	172	166	148	143	139	111	118	121	133	131	138	145	149	139	125	109	117	105	110	102	107	114	106	100	105
Total	Total	Gross unemployment	40-49 years	Ringsted	174	174	165	137	140	149	129	122	125	123	124	125	137	128	123	102	116	114	106	124	118	106	108	123	128	135
Total	Total	Gross unemployment	40-49 years	Slagelse	353	366	349	324	318	294	254	286	290	296	312	328	324	324	310	290	283	280	264	262	272	290	294	325	334	329
Total	Total	Gross unemployment	40-49 years	Sorø	131	129	128	105	106	101	82	90	88	92	101	111	123	124	129	112	108	96	83	82	85	90	89	95	100	98
Total	Total	Gross unemployment	40-49 years	Stevns	80	87	90	88	84	82	74	85	85	76	81	79	91	94	94	81	78	76	68	73	63	56	62	72	68	69
Total	Total	Gross unemployment	40-49 years	Vordingborg	239	243	253	220	208	208	188	188	195	201	208	216	237	245	230	208	189	188	165	180	183	184	179	196	184	171
Total	Total	Gross unemployment	40-49 years	Region Syddanmark	4993	4817	4586	4155	4152	3896	3438	3788	3854	3907	3956	4037	4339	4233	4062	3587	3595	3495	3144	3480	3563	3696	3801	4069	4318	4207
Total	Total	Gross unemployment	40-49 years	Province Fyn	2268	2154	2048	1891	1872	1790	1612	1728	1703	1718	1699	1748	1879	1849	1765	1564	1522	1537	1393	1546	1571	1621	1659	1760	1884	1859
Total	Total	Gross unemployment	40-49 years	Assens	171	162	158	137	127	128	115	132	130	124	116	131	144	144	144	121	123	123	110	134	143	143	143	163	167	166
Total	Total	Gross unemployment	40-49 years	Faaborg-Midtfyn	235	230	227	179	169	170	152	149	145	160	159	164	196	182	163	135	132	133	123	131	138	148	157	169	194	190
Total	Total	Gross unemployment	40-49 years	Kerteminde	125	120	108	105	104	97	91	102	91	83	91	90	104	99	94	85	82	77	66	73	72	72	80	90	93	89
Total	Total	Gross unemployment	40-49 years	Langeland	79	70	64	52	43	40	36	43	48	43	45	46	53	56	47	37	28	27	24	31	32	35	42	47	54	54
Total	Total	Gross unemployment	40-49 years	Middelfart	122	111	113	100	110	103	87	96	101	110	117	114	127	128	128	104	104	105	90	101	90	95	106	102	111	113
Total	Total	Gross unemployment	40-49 years	Nordfyns	164	162	156	142	148	134	122	125	133	137	135	134	140	144	138	123	110	120	117	132	133	143	136	145	174	166
Total	Total	Gross unemployment	40-49 years	Nyborg	143	139	125	110	114	110	100	104	101	106	99	103	124	125	119	102	94	89	79	84	82	86	91	108	128	125
Total	Total	Gross unemployment	40-49 years	Odense	918	863	822	806	805	776	698	759	746	735	711	717	744	744	717	663	666	669	608	674	696	693	689	698	714	723
Total	Total	Gross unemployment	40-49 years	Svendborg	282	267	250	234	229	210	190	197	187	193	195	215	212	201	193	175	168	176	162	169	171	190	191	217	229	212
Total	Total	Gross unemployment	40-49 years	Ærø	29	30	26	25	24	22	21	20	22	26	31	34	35	27	22	19	15	18	15	18	14	16	24	21	20	19
Total	Total	Gross unemployment	40-49 years	Province Sydjylland	2725	2663	2538	2264	2280	2105	1826	2060	2151	2189	2258	2289	2460	2385	2297	2023	2073	1958	1751	1934	1992	2075	2142	2309	2434	2348
Total	Total	Gross unemployment	40-49 years	Billund	70	73	66	52	49	46	36	46	46	50	51	53	64	59	59	48	48	49	49	51	53	59	58	68	74	71
Total	Total	Gross unemployment	40-49 years	Esbjerg	455	458	448	387	389	368	306	336	355	352	366	378	393	387	381	340	328	300	277	287	288	292	291	320	355	352
Total	Total	Gross unemployment	40-49 years	Fanø	19	20	19	15	17	15	13	10	9	8	9	12	12	12	10	9	11	13	10	13	11	12	12	14	14	14
Total	Total	Gross unemployment	40-49 years	Fredericia	238	234	223	214	219	212	168	190	198	209	216	219	223	223	225	204	209	199	167	185	187	205	204	223	225	209
Total	Total	Gross unemployment	40-49 years	Haderslev	218	201	184	170	176	159	139	160	169	173	174	165	190	173	169	163	161	147	138	152	154	162	170	182	180	176
Total	Total	Gross unemployment	40-49 years	Kolding	330	323	322	298	292	271	252	285	279	278	282	275	306	324	302	265	286	267	241	284	293	296	293	319	333	322
Total	Total	Gross unemployment	40-49 years	Sønderborg	269	270	247	223	225	210	207	226	238	254	261	255	262	250	231	212	228	207	180	204	209	225	240	251	262	247
Total	Total	Gross unemployment	40-49 years	Tønder	134	126	121	96	84	74	69	80	83	90	97	103	114	107	100	80	84	78	69	85	82	88	92	101	118	115
Total	Total	Gross unemployment	40-49 years	Varde	159	145	139	120	120	107	96	98	112	112	120	124	146	144	124	104	100	94	89	86	89	99	115	128	137	128
Total	Total	Gross unemployment	40-49 years	Vejen	144	133	125	121	126	108	99	123	118	127	130	133	138	128	115	97	108	102	90	101	100	108	108	125	128	122
Total	Total	Gross unemployment	40-49 years	Vejle	428	430	407	360	373	344	277	332	354	348	358	372	397	376	374	320	329	317	279	309	329	336	355	367	403	390
Total	Total	Gross unemployment	40-49 years	Aabenraa	260	250	237	208	211	191	163	175	189	188	195	198	215	201	209	183	181	185	163	178	196	194	201	211	205	203
Total	Total	Gross unemployment	40-49 years	Region Midtjylland	4377	4364	4209	3710	3715	3557	3162	3542	3555	3607	3703	3901	4106	4108	3930	3503	3533	3465	3075	3554	3558	3592	3660	3835	4108	4013
Total	Total	Gross unemployment	40-49 years	Province Østjylland	2961	2953	2873	2569	2614	2509	2240	2505	2514	2535	2624	2728	2839	2821	2721	2442	2515	2449	2171	2516	2510	2559	2566	2675	2833	2773
Total	Total	Gross unemployment	40-49 years	Favrskov	129	141	132	116	121	117	101	104	106	102	106	116	125	132	126	108	115	117	112	122	117	123	116	110	123	123
Total	Total	Gross unemployment	40-49 years	Hedensted	132	133	137	107	105	116	103	104	102	107	128	140	137	123	108	96	104	103	86	104	105	117	121	128	132	140
Total	Total	Gross unemployment	40-49 years	Horsens	324	317	320	297	296	278	231	259	258	260	260	264	268	270	251	236	235	230	208	255	268	290	307	298	318	304
Total	Total	Gross unemployment	40-49 years	Norddjurs	162	162	158	130	121	113	105	115	119	125	129	143	165	172	164	139	132	131	121	118	123	110	112	128	133	121
Total	Total	Gross unemployment	40-49 years	Odder	81	83	73	61	67	60	60	67	61	59	59	62	74	73	63	54	57	52	48	57	57	55	61	68	75	75
Total	Total	Gross unemployment	40-49 years	Randers	382	368	356	328	316	303	273	316	331	328	343	372	375	373	361	320	311	298	268	307	293	309	305	318	339	333
Total	Total	Gross unemployment	40-49 years	Samsø	23	21	24	18	13	10	10	10	11	14	15	20	25	27	23	22	16	10	12	10	13	16	16	17	15	20
Total	Total	Gross unemployment	40-49 years	Silkeborg	322	336	320	269	274	261	221	256	244	235	255	272	296	292	282	242	253	247	214	254	243	246	257	290	286	291
Total	Total	Gross unemployment	40-49 years	Skanderborg	172	159	145	139	145	137	115	142	151	156	161	162	168	171	167	155	160	147	127	159	157	154	147	162	177	178
Total	Total	Gross unemployment	40-49 years	Syddjurs	143	132	139	124	130	116	107	117	115	109	118	118	123	124	115	108	122	113	102	121	125	129	126	129	130	123
Total	Total	Gross unemployment	40-49 years	Aarhus	1091	1102	1069	980	1028	998	913	1013	1016	1041	1049	1058	1084	1064	1061	963	1009	1001	874	1008	1009	1011	998	1026	1105	1066
Total	Total	Gross unemployment	40-49 years	Province Vestjylland	1416	1411	1336	1140	1101	1049	922	1037	1041	1072	1079	1173	1267	1287	1209	1060	1018	1016	904	1038	1048	1033	1094	1160	1275	1240
Total	Total	Gross unemployment	40-49 years	Herning	324	325	314	288	273	277	251	266	267	272	277	284	308	313	283	267	264	277	244	261	267	263	275	288	312	294
Total	Total	Gross unemployment	40-49 years	Holstebro	190	176	160	130	129	122	107	121	114	124	128	136	149	152	150	134	131	125	86	125	123	123	129	148	161	151
Total	Total	Gross unemployment	40-49 years	Ikast-Brande	165	181	167	149	137	128	104	120	122	117	122	126	141	150	133	120	108	100	89	110	112	103	114	121	132	122
Total	Total	Gross unemployment	40-49 years	Lemvig	67	71	62	40	39	31	31	28	29	32	33	49	54	53	48	41	37	33	33	40	47	44	45	49	57	55
Total	Total	Gross unemployment	40-49 years	Ringkøbing-Skjern	149	145	139	123	125	119	95	115	120	129	143	160	166	155	147	132	119	119	110	118	133	128	147	164	186	178
Total	Total	Gross unemployment	40-49 years	Skive	133	139	133	115	109	97	87	105	108	101	87	99	98	95	90	78	68	76	84	71	69	67	68	70	87	100
Total	Total	Gross unemployment	40-49 years	Struer	81	86	83	70	59	55	51	52	58	70	69	77	89	92	91	77	72	60	53	59	57	59	64	68	69	67
Total	Total	Gross unemployment	40-49 years	Viborg	307	287	278	227	230	219	196	231	223	227	220	242	263	279	268	212	219	224	205	253	240	246	252	252	272	272
Total	Total	Gross unemployment	40-49 years	Region Nordjylland	2620	2558	2510	2158	2110	1950	1756	1928	1951	1957	2032	2155	2288	2250	2125	1839	1829	1765	1603	1792	1823	1812	1939	2115	2295	2208
Total	Total	Gross unemployment	40-49 years	Province Nordjylland	2620	2558	2510	2158	2110	1950	1756	1928	1951	1957	2032	2155	2288	2250	2125	1839	1829	1765	1603	1792	1823	1812	1939	2115	2295	2208
Total	Total	Gross unemployment	40-49 years	Brønderslev	182	169	163	145	136	131	111	131	127	132	141	156	154	153	139	127	118	119	116	117	116	113	123	135	152	155
Total	Total	Gross unemployment	40-49 years	Frederikshavn	309	290	274	237	230	200	174	183	191	195	210	231	246	254	234	201	186	174	152	174	181	187	206	228	240	231
Total	Total	Gross unemployment	40-49 years	Hjørring	342	343	312	245	248	225	202	211	209	215	212	227	260	250	236	202	193	190	178	192	197	200	217	243	293	279
Total	Total	Gross unemployment	40-49 years	Jammerbugt	164	155	159	116	96	97	94	96	101	103	100	122	154	134	126	91	92	85	76	93	102	97	108	124	143	124
Total	Total	Gross unemployment	40-49 years	Læsø	20	20	19	10	8	4	3	5	6	8	14	15	19	18	13	5	6	3	2	3	5	7	13	15	15	15
Total	Total	Gross unemployment	40-49 years	Mariagerfjord	191	181	181	154	135	119	125	142	136	137	140	149	149	161	164	143	140	134	125	126	117	119	129	149	155	150
Total	Total	Gross unemployment	40-49 years	Morsø	69	68	69	54	51	50	40	47	47	50	44	50	54	52	50	37	37	43	34	37	42	36	40	45	55	52
Total	Total	Gross unemployment	40-49 years	Rebild	128	115	109	90	91	85	82	103	87	86	85	91	101	90	86	78	81	80	76	89	87	81	95	104	111	119
Total	Total	Gross unemployment	40-49 years	Thisted	124	125	119	122	124	105	97	105	104	100	110	113	132	134	126	110	102	98	84	99	119	117	119	128	139	136
Total	Total	Gross unemployment	40-49 years	Vesthimmerlands	180	172	178	161	153	138	122	135	152	152	154	148	168	169	154	140	139	140	131	141	148	152	160	162	168	144
Total	Total	Gross unemployment	40-49 years	Aalborg	911	919	928	825	839	795	707	770	789	780	822	852	850	835	797	705	735	699	628	720	708	704	729	782	825	803
Total	Total	Gross unemployment	40-49 years	Unknown municipality	0	0	0	0	0	0	0	0	0	0	0	0	0	0	0	0	0	0	0	0	0	0	0	0	0	0
Total	Total	Gross unemployment	40-49 years	Abroad	18	21	17	11	9	8	8	9	16	14	16	19	15	15	12	14	12	13	15	13	25	20	12	7	5	4
Total	Total	Gross unemployment	50-59 years	Region Hovedstaden	7564	7319	7090	6399	6743	6411	5599	6019	6278	6498	6656	6773	7080	6945	6805	6113	6444	6329	5607	5999	6248	6324	6436	6669	7089	6941
Total	Total	Gross unemployment	50-59 years	Province Byen København	3102	3007	2891	2624	2780	2685	2362	2526	2551	2665	2684	2749	2936	2866	2835	2586	2760	2720	2489	2653	2711	2721	2732	2797	2971	2896
Total	Total	Gross unemployment	50-59 years	Copenhagen	2468	2410	2302	2074	2200	2114	1847	1985	2003	2108	2117	2179	2329	2279	2243	2066	2200	2173	1979	2130	2167	2164	2172	2226	2390	2318
Total	Total	Gross unemployment	50-59 years	Frederiksberg	433	404	394	369	396	386	349	371	364	371	374	381	408	397	393	350	379	375	342	356	367	380	379	382	380	384
Total	Total	Gross unemployment	50-59 years	Dragør	44	39	41	41	40	37	35	41	45	45	47	44	41	39	40	37	44	38	41	38	44	43	44	43	44	45
Total	Total	Gross unemployment	50-59 years	Tårnby	157	154	154	140	144	148	131	129	140	142	145	145	158	151	159	133	136	134	127	129	133	133	136	146	158	149
Total	Total	Gross unemployment	50-59 years	Province Københavns omegn	2351	2256	2195	2014	2166	2046	1769	1912	2016	2042	2051	2064	2162	2132	2090	1895	2004	2009	1743	1843	1963	1981	2006	2066	2157	2130
Total	Total	Gross unemployment	50-59 years	Albertslund	155	152	147	133	141	122	104	111	126	130	135	132	140	140	135	123	127	121	97	111	127	134	127	128	141	135
Total	Total	Gross unemployment	50-59 years	Ballerup	204	194	187	170	187	173	147	151	161	163	167	166	187	166	160	150	161	165	140	142	161	148	153	152	165	168
Total	Total	Gross unemployment	50-59 years	Brøndby	169	169	164	153	160	157	140	150	159	169	173	172	182	188	180	164	171	172	149	162	169	180	189	196	199	191
Total	Total	Gross unemployment	50-59 years	Gentofte	258	265	260	228	263	269	235	260	266	266	263	265	270	275	277	244	264	279	241	269	261	274	280	295	291	284
Total	Total	Gross unemployment	50-59 years	Gladsaxe	274	264	251	231	248	245	203	219	232	225	233	247	257	257	260	227	239	235	205	209	212	214	218	226	233	227
Total	Total	Gross unemployment	50-59 years	Glostrup	109	100	99	90	102	94	99	92	98	99	100	97	101	97	95	98	91	86	77	74	87	95	95	86	94	94
Total	Total	Gross unemployment	50-59 years	Herlev	132	120	118	111	109	94	73	79	87	86	90	92	101	95	91	89	93	87	77	72	80	85	85	92	100	106
Total	Total	Gross unemployment	50-59 years	Hvidovre	200	191	187	176	191	182	162	184	178	181	161	156	169	164	155	148	170	170	158	159	177	173	170	186	196	196
Total	Total	Gross unemployment	50-59 years	Høje-Taastrup	267	242	228	215	222	194	159	171	192	191	193	207	210	217	224	196	208	210	183	197	213	218	215	231	241	225
Total	Total	Gross unemployment	50-59 years	Ishøj	154	150	147	141	153	140	106	117	123	129	138	136	129	134	127	115	125	120	97	114	116	108	104	106	112	108
Total	Total	Gross unemployment	50-59 years	Lyngby-Taarbæk	173	162	157	145	155	149	133	148	158	155	161	159	176	166	160	147	147	149	138	149	157	160	156	158	165	176
Total	Total	Gross unemployment	50-59 years	Rødovre	197	192	192	172	181	182	163	183	187	195	182	182	183	182	176	154	163	167	144	140	158	147	163	163	178	178
Total	Total	Gross unemployment	50-59 years	Vallensbæk	59	55	58	49	54	46	45	48	49	54	56	51	56	50	49	42	45	47	38	45	46	46	49	45	42	42
Total	Total	Gross unemployment	50-59 years	Province Nordsjælland	1833	1799	1769	1586	1649	1563	1365	1479	1556	1588	1664	1672	1703	1691	1654	1478	1559	1505	1290	1409	1462	1478	1491	1565	1684	1672
Total	Total	Gross unemployment	50-59 years	Allerød	63	65	68	57	55	55	49	56	56	60	68	65	63	61	62	59	59	56	50	61	69	73	77	74	81	80
Total	Total	Gross unemployment	50-59 years	Egedal	170	166	170	150	145	132	118	117	131	140	144	141	139	144	149	140	148	144	125	121	122	124	137	145	164	162
Total	Total	Gross unemployment	50-59 years	Fredensborg	157	148	155	135	136	130	121	131	132	142	140	148	147	150	149	124	129	120	104	129	129	120	114	127	149	145
Total	Total	Gross unemployment	50-59 years	Frederikssund	182	186	171	152	172	156	136	148	145	162	168	165	162	161	162	139	143	146	121	131	148	156	155	151	156	154
Total	Total	Gross unemployment	50-59 years	Furesø	138	131	140	127	121	110	92	98	111	109	120	126	131	126	130	120	122	117	96	116	116	117	116	118	134	140
Total	Total	Gross unemployment	50-59 years	Gribskov	177	166	155	140	146	141	125	130	132	137	149	148	151	156	141	128	128	131	120	123	123	116	122	138	150	141
Total	Total	Gross unemployment	50-59 years	Halsnæs	134	126	133	110	127	117	89	98	98	103	114	114	120	119	120	111	109	102	90	88	85	88	95	97	113	113
Total	Total	Gross unemployment	50-59 years	Helsingør	344	328	311	289	298	279	252	272	293	291	306	325	328	322	302	273	291	284	238	250	265	268	276	292	304	294
Total	Total	Gross unemployment	50-59 years	Hillerød	194	199	182	159	157	152	136	158	171	167	175	168	178	183	173	148	162	165	128	142	153	159	148	158	165	174
Total	Total	Gross unemployment	50-59 years	Hørsholm	91	98	97	92	102	97	82	84	89	85	84	85	92	81	81	67	73	74	61	75	79	80	77	79	91	90
Total	Total	Gross unemployment	50-59 years	Rudersdal	184	186	188	175	191	194	166	187	199	190	194	188	195	188	185	170	194	168	156	173	173	176	175	184	176	179
Total	Total	Gross unemployment	50-59 years	Province Bornholm	279	257	235	174	149	117	103	101	155	203	258	287	279	256	228	153	122	94	85	94	113	144	208	242	275	243
Total	Total	Gross unemployment	50-59 years	Bornholm	279	257	235	174	149	117	103	101	155	203	258	287	279	256	228	153	122	94	85	94	113	144	208	242	275	243
Total	Total	Gross unemployment	50-59 years	Region Sjælland	3830	3780	3721	3262	3260	3042	2654	2792	2905	3021	3123	3287	3536	3513	3367	3003	3052	2946	2541	2655	2779	2911	3018	3171	3393	3378
Total	Total	Gross unemployment	50-59 years	Province Østsjælland	884	852	861	770	781	755	659	716	756	780	779	817	845	829	825	762	816	819	704	729	773	799	827	836	865	864
Total	Total	Gross unemployment	50-59 years	Greve	179	171	173	155	157	144	132	137	143	158	152	166	177	176	175	158	177	178	142	150	164	173	176	170	174	174
Total	Total	Gross unemployment	50-59 years	Køge	221	213	213	186	196	186	158	177	194	199	194	204	219	210	208	181	194	198	182	190	200	208	224	236	234	224
Total	Total	Gross unemployment	50-59 years	Lejre	93	91	87	72	69	68	63	73	75	80	79	87	79	75	77	81	90	92	76	82	79	84	86	85	93	98
Total	Total	Gross unemployment	50-59 years	Roskilde	321	307	314	288	287	288	248	263	278	277	288	294	302	293	291	280	292	298	257	256	269	277	278	285	298	299
Total	Total	Gross unemployment	50-59 years	Solrød	71	72	74	69	71	69	58	67	66	66	66	66	69	75	74	62	62	53	48	51	59	56	63	60	67	69
Total	Total	Gross unemployment	50-59 years	Province Vest- og Sydsjælland	2946	2928	2860	2492	2479	2287	1995	2076	2148	2241	2344	2471	2690	2684	2542	2241	2236	2127	1836	1926	2006	2112	2191	2335	2528	2514
Total	Total	Gross unemployment	50-59 years	Faxe	179	177	188	166	173	164	158	160	166	169	174	156	177	168	155	149	144	133	124	134	142	143	140	142	167	168
Total	Total	Gross unemployment	50-59 years	Guldborgsund	321	309	297	255	257	218	187	192	204	222	239	261	283	288	271	236	229	207	186	203	209	227	236	254	290	292
Total	Total	Gross unemployment	50-59 years	Holbæk	302	294	263	230	229	223	177	182	180	207	213	233	233	231	234	210	216	194	155	165	170	182	185	192	216	203
Total	Total	Gross unemployment	50-59 years	Kalundborg	251	242	234	203	191	187	155	176	187	198	199	205	228	210	214	183	190	178	153	163	168	171	181	200	225	212
Total	Total	Gross unemployment	50-59 years	Lolland	255	257	263	222	214	178	161	167	168	173	190	212	232	247	222	187	181	168	151	152	173	183	191	217	240	234
Total	Total	Gross unemployment	50-59 years	Næstved	433	415	407	364	351	335	296	311	328	328	331	336	375	375	352	311	310	301	262	270	293	299	305	323	349	359
Total	Total	Gross unemployment	50-59 years	Odsherred	192	200	205	175	170	149	127	133	137	140	153	161	172	173	158	139	140	140	120	121	110	108	119	125	134	130
Total	Total	Gross unemployment	50-59 years	Ringsted	135	131	128	118	128	114	105	107	109	120	130	137	143	143	134	116	115	113	91	102	94	105	114	123	124	130
Total	Total	Gross unemployment	50-59 years	Slagelse	388	403	385	347	347	321	282	293	310	324	331	354	382	377	346	306	299	293	250	270	279	306	316	327	338	340
Total	Total	Gross unemployment	50-59 years	Sorø	141	136	127	109	110	105	96	97	95	92	96	107	115	117	120	106	111	108	87	96	102	115	126	133	133	138
Total	Total	Gross unemployment	50-59 years	Stevns	94	100	100	83	89	80	74	78	84	82	77	79	86	85	81	75	78	73	74	74	79	78	74	81	91	88
Total	Total	Gross unemployment	50-59 years	Vordingborg	254	264	262	220	221	214	176	181	180	188	211	229	265	270	256	223	223	219	184	176	186	194	205	217	221	219
Total	Total	Gross unemployment	50-59 years	Region Syddanmark	5223	5016	4818	4140	4155	3814	3258	3643	3785	3971	4111	4437	4820	4714	4480	3771	3895	3728	3195	3579	3781	3996	4225	4572	4909	4793
Total	Total	Gross unemployment	50-59 years	Province Fyn	2309	2252	2199	1897	1877	1728	1488	1674	1699	1764	1809	1954	2098	2056	1931	1635	1677	1597	1387	1601	1642	1736	1864	2015	2144	2058
Total	Total	Gross unemployment	50-59 years	Assens	209	203	202	164	145	133	120	127	133	147	160	175	182	167	175	139	139	132	123	131	138	144	149	163	186	183
Total	Total	Gross unemployment	50-59 years	Faaborg-Midtfyn	274	260	250	205	202	174	154	177	185	187	188	230	246	236	222	183	202	179	150	163	177	186	211	242	271	263
Total	Total	Gross unemployment	50-59 years	Kerteminde	137	127	123	107	96	95	73	84	88	95	96	110	112	118	112	87	81	77	64	83	85	87	108	108	128	119
Total	Total	Gross unemployment	50-59 years	Langeland	80	80	85	68	68	57	49	54	50	56	61	70	78	75	66	48	44	43	38	39	40	47	53	64	64	62
Total	Total	Gross unemployment	50-59 years	Middelfart	164	162	167	144	148	131	109	127	126	127	123	131	152	154	137	114	121	106	102	121	124	129	139	145	158	147
Total	Total	Gross unemployment	50-59 years	Nordfyns	158	152	141	118	124	118	106	114	125	125	134	147	165	158	150	123	127	123	105	114	125	130	138	153	166	161
Total	Total	Gross unemployment	50-59 years	Nyborg	139	135	130	108	105	106	87	103	97	112	105	119	137	134	122	99	99	102	83	101	106	120	126	139	138	130
Total	Total	Gross unemployment	50-59 years	Odense	823	803	769	700	712	668	576	651	646	657	663	684	717	718	668	606	631	604	527	614	618	650	669	700	700	686
Total	Total	Gross unemployment	50-59 years	Svendborg	301	303	303	259	256	234	205	226	234	239	250	259	279	266	250	213	213	207	177	213	208	219	243	274	307	278
Total	Total	Gross unemployment	50-59 years	Ærø	26	28	30	23	21	13	8	11	14	17	27	28	31	30	27	23	21	23	18	21	19	24	29	27	26	27
Total	Total	Gross unemployment	50-59 years	Province Sydjylland	2914	2764	2620	2243	2278	2086	1770	1969	2087	2207	2303	2483	2721	2659	2549	2136	2218	2131	1808	1979	2139	2260	2360	2557	2765	2735
Total	Total	Gross unemployment	50-59 years	Billund	82	67	67	60	71	72	55	60	55	58	67	71	86	91	78	58	69	68	49	54	55	61	72	80	76	79
Total	Total	Gross unemployment	50-59 years	Esbjerg	515	482	460	401	407	365	298	314	337	366	377	416	454	449	405	340	348	331	278	296	329	363	377	402	438	443
Total	Total	Gross unemployment	50-59 years	Fanø	18	17	13	13	10	6	8	7	6	7	15	16	16	16	11	11	13	9	10	8	8	8	12	12	13	13
Total	Total	Gross unemployment	50-59 years	Fredericia	243	230	219	199	198	177	147	163	178	182	204	219	225	225	248	217	222	219	197	191	201	220	228	229	255	247
Total	Total	Gross unemployment	50-59 years	Haderslev	236	214	207	167	163	151	126	145	147	150	162	177	193	189	189	155	156	143	124	131	147	164	172	192	211	216
Total	Total	Gross unemployment	50-59 years	Kolding	313	311	291	254	261	254	216	259	281	291	290	300	322	311	307	266	270	264	220	265	274	267	261	306	329	328
Total	Total	Gross unemployment	50-59 years	Sønderborg	315	295	282	253	236	223	192	227	247	256	254	265	303	302	288	258	267	259	225	248	266	271	290	300	307	305
Total	Total	Gross unemployment	50-59 years	Tønder	179	167	143	117	111	105	82	106	110	112	127	149	167	158	153	120	126	110	86	95	103	107	126	156	170	166
Total	Total	Gross unemployment	50-59 years	Varde	189	197	178	129	127	106	92	105	118	135	143	162	189	176	142	116	105	102	86	101	114	126	130	142	164	161
Total	Total	Gross unemployment	50-59 years	Vejen	139	143	131	114	121	94	84	89	96	96	109	119	128	133	121	101	107	101	91	100	107	114	113	120	136	132
Total	Total	Gross unemployment	50-59 years	Vejle	413	391	381	331	360	339	295	319	323	354	354	378	413	387	387	314	337	340	282	314	350	365	371	405	432	423
Total	Total	Gross unemployment	50-59 years	Aabenraa	273	250	249	205	212	195	174	177	188	200	201	210	225	223	219	178	196	184	160	175	184	196	208	214	235	222
Total	Total	Gross unemployment	50-59 years	Region Midtjylland	4174	4029	3885	3324	3380	3159	2773	3159	3258	3381	3555	3770	4089	4021	3896	3336	3453	3347	2908	3337	3416	3444	3680	3912	4174	4096
Total	Total	Gross unemployment	50-59 years	Province Østjylland	2790	2680	2601	2252	2327	2197	1949	2215	2281	2375	2483	2624	2813	2736	2679	2292	2434	2348	2034	2344	2379	2390	2550	2696	2820	2789
Total	Total	Gross unemployment	50-59 years	Favrskov	121	116	117	101	99	90	79	91	100	104	106	108	125	121	117	94	94	98	80	102	117	112	117	134	145	143
Total	Total	Gross unemployment	50-59 years	Hedensted	145	151	144	117	108	103	81	94	104	109	121	132	141	143	132	115	118	113	90	113	109	122	137	155	164	164
Total	Total	Gross unemployment	50-59 years	Horsens	266	256	244	196	196	192	172	186	186	207	224	240	265	260	256	219	226	213	172	210	230	235	274	277	301	299
Total	Total	Gross unemployment	50-59 years	Norddjurs	210	189	184	151	155	135	127	144	157	165	174	193	205	192	177	149	149	134	130	146	135	135	147	157	177	174
Total	Total	Gross unemployment	50-59 years	Odder	84	85	79	74	76	70	64	79	82	81	80	79	90	88	88	68	73	70	52	67	59	65	58	63	68	65
Total	Total	Gross unemployment	50-59 years	Randers	382	363	357	299	305	282	243	259	266	276	287	291	317	318	312	286	285	268	239	267	258	282	309	329	351	339
Total	Total	Gross unemployment	50-59 years	Samsø	24	29	27	22	15	8	9	13	16	16	18	27	28	30	23	12	13	10	7	9	8	12	17	19	19	20
Total	Total	Gross unemployment	50-59 years	Silkeborg	296	282	274	235	257	247	217	249	249	264	271	290	325	304	293	249	255	239	205	236	253	256	280	296	303	290
Total	Total	Gross unemployment	50-59 years	Skanderborg	148	140	136	114	132	125	105	139	137	138	139	147	153	147	141	126	144	148	136	147	146	147	146	165	159	151
Total	Total	Gross unemployment	50-59 years	Syddjurs	193	192	191	151	157	141	122	137	144	135	158	175	173	170	156	125	128	122	111	132	144	140	139	155	164	160
Total	Total	Gross unemployment	50-59 years	Aarhus	922	876	849	792	826	803	730	823	840	879	904	942	992	961	984	851	948	934	811	916	921	884	925	945	970	985
Total	Total	Gross unemployment	50-59 years	Province Vestjylland	1384	1349	1284	1073	1053	962	824	945	977	1006	1073	1145	1275	1286	1217	1044	1019	999	875	994	1037	1054	1130	1216	1354	1307
Total	Total	Gross unemployment	50-59 years	Herning	282	267	245	213	219	199	179	211	224	219	230	247	262	256	250	208	213	224	207	225	224	221	249	265	288	282
Total	Total	Gross unemployment	50-59 years	Holstebro	184	187	175	131	126	114	97	127	129	128	131	152	175	165	154	127	124	117	106	117	129	133	137	156	180	169
Total	Total	Gross unemployment	50-59 years	Ikast-Brande	176	173	174	149	147	131	103	119	114	116	127	127	150	152	149	127	119	116	93	105	115	119	129	134	157	145
Total	Total	Gross unemployment	50-59 years	Lemvig	79	75	67	52	46	48	38	39	44	52	53	60	78	76	65	51	50	40	37	45	45	47	53	67	72	74
Total	Total	Gross unemployment	50-59 years	Ringkøbing-Skjern	169	168	163	129	136	130	105	124	133	138	152	156	161	159	157	134	130	117	94	128	134	139	154	170	176	170
Total	Total	Gross unemployment	50-59 years	Skive	164	160	142	120	117	108	95	100	98	105	114	121	132	133	119	95	86	84	74	83	90	92	102	113	121	116
Total	Total	Gross unemployment	50-59 years	Struer	86	89	84	76	70	61	51	52	51	50	57	57	71	88	83	74	70	71	59	59	63	68	75	69	79	75
Total	Total	Gross unemployment	50-59 years	Viborg	245	230	234	204	194	171	157	174	184	199	208	225	245	257	241	229	227	229	203	233	236	234	231	241	281	276
Total	Total	Gross unemployment	50-59 years	Region Nordjylland	2889	2776	2674	2234	2222	2023	1707	1913	2033	2169	2263	2452	2677	2659	2430	1978	1996	1880	1656	1887	2012	2077	2167	2474	2749	2656
Total	Total	Gross unemployment	50-59 years	Province Nordjylland	2889	2776	2674	2234	2222	2023	1707	1913	2033	2169	2263	2452	2677	2659	2430	1978	1996	1880	1656	1887	2012	2077	2167	2474	2749	2656
Total	Total	Gross unemployment	50-59 years	Brønderslev	168	170	164	137	133	114	89	95	111	123	135	148	170	160	142	110	113	109	103	116	122	128	132	159	174	176
Total	Total	Gross unemployment	50-59 years	Frederikshavn	384	364	350	282	274	219	192	215	232	256	268	309	327	337	306	246	248	214	176	202	211	233	255	296	336	319
Total	Total	Gross unemployment	50-59 years	Hjørring	419	402	395	310	292	264	208	244	258	260	285	325	363	355	318	239	236	209	179	212	239	242	246	298	356	319
Total	Total	Gross unemployment	50-59 years	Jammerbugt	189	171	162	132	116	93	86	105	105	113	126	149	171	168	142	113	120	114	91	105	110	116	123	159	191	171
Total	Total	Gross unemployment	50-59 years	Læsø	25	25	19	15	14	8	8	7	11	16	20	24	21	23	17	11	10	7	4	8	9	9	12	20	24	20
Total	Total	Gross unemployment	50-59 years	Mariagerfjord	223	217	197	161	160	149	125	133	145	143	151	164	191	203	181	158	143	141	119	122	134	142	153	165	189	190
Total	Total	Gross unemployment	50-59 years	Morsø	95	109	97	70	80	80	56	63	75	86	84	88	92	106	93	66	68	67	49	63	76	72	75	77	89	87
Total	Total	Gross unemployment	50-59 years	Rebild	121	115	107	93	93	85	70	75	79	88	91	94	115	113	105	85	87	88	86	92	97	106	110	125	138	148
Total	Total	Gross unemployment	50-59 years	Thisted	164	170	162	135	130	117	97	118	130	147	141	154	179	196	179	137	129	116	100	113	124	120	131	151	167	164
Total	Total	Gross unemployment	50-59 years	Vesthimmerlands	175	169	167	134	131	124	107	122	130	140	147	154	173	169	161	135	132	126	109	134	142	150	154	176	186	181
Total	Total	Gross unemployment	50-59 years	Aalborg	926	864	854	766	799	769	670	737	756	797	815	842	874	829	785	677	708	690	639	720	748	758	775	848	900	880
Total	Total	Gross unemployment	50-59 years	Unknown municipality	0	0	0	0	0	0	0	0	0	0	0	0	0	0	0	0	0	0	0	0	0	0	0	0	0	0
Total	Total	Gross unemployment	50-59 years	Abroad	16	14	13	12	10	6	10	14	12	10	12	10	13	11	11	6	8	7	5	7	9	9	7	11	10	10
Total	Total	Gross unemployment	60 year and over	Region Hovedstaden	2565	2509	2447	2207	2457	2327	2054	2199	2337	2424	2470	2528	2631	2644	2640	2399	2619	2649	2381	2532	2597	2710	2761	2804	2928	2874
Total	Total	Gross unemployment	60 year and over	Province Byen København	950	930	906	806	934	899	787	843	885	921	946	953	983	999	1013	918	1016	1032	930	989	1016	1062	1061	1061	1104	1100
Total	Total	Gross unemployment	60 year and over	Copenhagen	710	693	683	609	700	676	596	638	674	704	729	723	734	753	767	709	777	782	695	749	756	798	805	808	843	831
Total	Total	Gross unemployment	60 year and over	Frederiksberg	144	137	136	127	146	136	114	124	124	127	128	136	147	144	147	126	147	154	145	147	152	154	142	142	147	150
Total	Total	Gross unemployment	60 year and over	Dragør	23	25	21	22	25	22	19	21	22	19	18	24	32	31	28	22	26	26	26	26	27	29	26	27	22	23
Total	Total	Gross unemployment	60 year and over	Tårnby	73	75	65	48	64	65	58	59	65	71	71	69	70	71	71	62	66	70	64	67	81	81	89	84	92	95
Total	Total	Gross unemployment	60 year and over	Province Københavns omegn	853	837	822	769	820	771	700	752	797	821	814	830	859	866	861	791	878	874	761	822	844	870	901	902	926	899
Total	Total	Gross unemployment	60 year and over	Albertslund	52	49	48	45	41	43	38	42	47	45	45	49	55	50	51	42	46	49	39	46	50	43	47	48	46	43
Total	Total	Gross unemployment	60 year and over	Ballerup	62	64	64	60	68	56	52	63	65	70	69	61	65	60	62	58	57	63	56	64	60	64	76	78	83	78
Total	Total	Gross unemployment	60 year and over	Brøndby	74	73	69	62	71	60	55	56	61	69	63	72	79	83	83	69	76	72	64	74	80	80	78	83	84	90
Total	Total	Gross unemployment	60 year and over	Gentofte	104	107	95	95	105	104	100	109	115	118	109	109	109	111	108	102	123	123	114	114	117	116	119	117	129	129
Total	Total	Gross unemployment	60 year and over	Gladsaxe	104	99	96	86	92	88	92	96	104	106	101	102	117	121	115	108	119	115	108	101	102	110	109	116	114	105
Total	Total	Gross unemployment	60 year and over	Glostrup	31	36	38	32	34	35	31	34	29	30	40	35	33	34	36	31	37	39	35	38	39	39	37	35	32	32
Total	Total	Gross unemployment	60 year and over	Herlev	32	28	35	35	38	32	30	34	35	35	37	37	36	39	38	34	42	36	30	38	43	41	35	34	39	40
Total	Total	Gross unemployment	60 year and over	Hvidovre	72	69	69	73	79	73	68	67	69	74	77	82	79	85	79	81	82	81	68	74	83	83	80	79	83	80
Total	Total	Gross unemployment	60 year and over	Høje-Taastrup	96	91	89	83	90	84	72	78	79	84	79	78	71	64	64	66	77	74	56	67	59	75	82	77	80	77
Total	Total	Gross unemployment	60 year and over	Ishøj	53	51	47	40	36	37	32	38	44	45	42	45	46	50	53	49	53	51	33	32	39	41	46	49	49	47
Total	Total	Gross unemployment	60 year and over	Lyngby-Taarbæk	66	70	76	67	78	70	61	63	69	73	78	75	83	85	89	72	87	89	85	89	85	89	93	94	96	88
Total	Total	Gross unemployment	60 year and over	Rødovre	83	77	71	64	64	63	50	52	56	52	52	63	64	61	64	60	61	63	57	67	66	69	75	67	64	65
Total	Total	Gross unemployment	60 year and over	Vallensbæk	23	24	25	25	24	25	20	21	23	21	23	22	22	22	19	18	18	19	16	17	20	20	24	23	27	27
Total	Total	Gross unemployment	60 year and over	Province Nordsjælland	660	641	621	565	639	598	516	544	579	590	602	634	653	652	656	606	646	669	618	647	654	680	691	723	770	756
Total	Total	Gross unemployment	60 year and over	Allerød	27	31	33	28	36	31	26	23	27	22	25	28	24	29	29	25	32	33	31	28	31	30	27	32	31	32
Total	Total	Gross unemployment	60 year and over	Egedal	52	51	47	44	50	48	44	42	51	57	60	62	64	66	61	55	58	62	56	51	57	61	64	65	65	67
Total	Total	Gross unemployment	60 year and over	Fredensborg	50	49	42	37	42	39	33	44	51	55	49	48	58	53	50	38	41	47	44	56	46	47	42	44	54	54
Total	Total	Gross unemployment	60 year and over	Frederikssund	69	69	72	67	76	65	60	65	73	76	76	81	72	65	71	63	64	61	61	66	70	70	77	81	86	82
Total	Total	Gross unemployment	60 year and over	Furesø	44	43	40	39	41	44	33	35	36	35	36	34	37	35	34	33	40	44	34	38	39	42	46	49	56	57
Total	Total	Gross unemployment	60 year and over	Gribskov	66	65	65	53	55	49	47	47	52	52	52	53	64	73	73	66	65	68	66	65	65	69	77	77	79	74
Total	Total	Gross unemployment	60 year and over	Halsnæs	58	52	52	46	55	54	50	46	51	47	48	52	51	46	41	42	48	44	40	44	48	48	44	48	52	47
Total	Total	Gross unemployment	60 year and over	Helsingør	129	120	113	109	120	119	102	104	99	112	118	123	124	125	129	126	130	130	124	128	128	142	142	146	155	156
Total	Total	Gross unemployment	60 year and over	Hillerød	63	61	60	54	57	53	40	46	52	55	52	60	57	59	65	60	64	63	51	55	61	66	67	73	81	71
Total	Total	Gross unemployment	60 year and over	Hørsholm	36	32	32	31	39	36	34	32	27	22	27	35	41	37	37	35	35	38	39	42	39	33	37	37	37	42
Total	Total	Gross unemployment	60 year and over	Rudersdal	66	67	65	59	67	59	48	59	60	57	60	59	61	64	66	65	68	78	72	74	71	70	68	70	75	74
Total	Total	Gross unemployment	60 year and over	Province Bornholm	102	101	99	67	64	59	51	59	76	92	108	111	136	127	110	83	79	74	72	75	84	98	107	119	128	119
Total	Total	Gross unemployment	60 year and over	Bornholm	102	101	99	67	64	59	51	59	76	92	108	111	136	127	110	83	79	74	72	75	84	98	107	119	128	119
Total	Total	Gross unemployment	60 year and over	Region Sjælland	1327	1309	1286	1132	1174	1110	1000	1027	1109	1171	1228	1292	1369	1375	1348	1214	1308	1292	1146	1231	1310	1422	1446	1499	1601	1614
Total	Total	Gross unemployment	60 year and over	Province Østsjælland	294	283	271	240	247	244	227	235	255	278	283	297	301	302	309	292	325	321	282	297	316	336	355	373	383	380
Total	Total	Gross unemployment	60 year and over	Greve	65	58	56	55	52	53	45	41	44	50	62	63	67	66	77	69	80	79	65	65	67	73	77	79	83	79
Total	Total	Gross unemployment	60 year and over	Køge	69	70	67	58	63	61	56	64	70	75	73	89	90	91	84	73	88	88	73	76	83	88	98	99	94	93
Total	Total	Gross unemployment	60 year and over	Lejre	29	25	24	21	25	21	22	29	29	32	33	37	37	41	44	43	41	40	39	40	46	43	47	50	50	49
Total	Total	Gross unemployment	60 year and over	Roskilde	112	107	103	88	83	89	83	84	90	97	89	87	87	86	85	83	93	93	87	93	98	106	109	118	122	126
Total	Total	Gross unemployment	60 year and over	Solrød	19	23	20	18	23	20	21	17	22	24	26	21	20	18	19	24	23	21	19	22	23	26	23	27	34	33
Total	Total	Gross unemployment	60 year and over	Province Vest- og Sydsjælland	1033	1025	1015	892	928	866	772	792	854	893	945	995	1068	1073	1039	922	984	971	864	935	994	1086	1091	1126	1218	1234
Total	Total	Gross unemployment	60 year and over	Faxe	63	66	71	67	65	65	52	58	61	57	58	62	63	67	61	48	52	55	50	51	51	53	54	54	54	58
Total	Total	Gross unemployment	60 year and over	Guldborgsund	119	117	119	103	101	91	81	80	86	92	101	105	119	114	115	106	117	121	105	107	114	124	128	136	144	142
Total	Total	Gross unemployment	60 year and over	Holbæk	122	116	114	94	104	100	86	92	93	84	88	91	106	103	101	91	99	97	98	105	114	117	112	121	136	130
Total	Total	Gross unemployment	60 year and over	Kalundborg	89	89	89	79	78	69	70	70	81	89	90	96	102	100	95	79	91	88	64	79	90	105	100	95	99	99
Total	Total	Gross unemployment	60 year and over	Lolland	94	97	96	81	78	75	65	73	72	83	93	93	103	102	90	80	83	78	72	76	75	89	94	101	109	110
Total	Total	Gross unemployment	60 year and over	Næstved	158	153	143	129	139	125	110	105	114	117	116	127	136	139	134	117	124	123	117	120	129	147	151	162	169	162
Total	Total	Gross unemployment	60 year and over	Odsherred	51	52	45	39	44	46	42	40	45	51	53	55	55	62	59	50	52	59	53	57	56	63	67	67	73	79
Total	Total	Gross unemployment	60 year and over	Ringsted	36	36	41	36	37	30	24	24	32	34	33	39	39	41	40	41	45	39	33	35	43	45	41	37	42	48
Total	Total	Gross unemployment	60 year and over	Slagelse	128	123	128	117	120	107	97	106	117	124	135	142	147	150	147	135	142	132	118	132	141	152	155	161	167	176
Total	Total	Gross unemployment	60 year and over	Sorø	37	38	37	35	43	46	36	35	38	38	45	44	47	47	48	44	50	45	38	43	47	45	42	44	53	54
Total	Total	Gross unemployment	60 year and over	Stevns	37	41	41	40	38	35	33	31	38	41	45	42	44	49	49	41	44	47	37	44	47	47	49	48	59	58
Total	Total	Gross unemployment	60 year and over	Vordingborg	99	97	92	72	81	77	77	79	77	82	88	98	107	100	100	90	85	87	81	86	88	97	99	100	112	117
Total	Total	Gross unemployment	60 year and over	Region Syddanmark	1728	1753	1688	1414	1503	1389	1219	1351	1423	1531	1620	1727	1873	1872	1801	1544	1679	1648	1445	1591	1676	1797	1954	2068	2226	2206
Total	Total	Gross unemployment	60 year and over	Province Fyn	730	730	716	596	639	583	523	603	645	684	721	753	825	829	813	687	777	742	653	715	778	822	879	909	959	949
Total	Total	Gross unemployment	60 year and over	Assens	56	56	56	49	42	38	29	46	53	59	61	60	70	76	76	55	69	66	56	53	63	59	66	80	80	79
Total	Total	Gross unemployment	60 year and over	Faaborg-Midtfyn	72	79	81	58	63	60	54	65	69	74	78	84	97	105	99	80	85	77	70	85	89	84	89	98	104	108
Total	Total	Gross unemployment	60 year and over	Kerteminde	36	40	38	32	42	30	27	27	30	31	34	37	41	40	46	38	41	36	30	32	33	40	42	51	56	55
Total	Total	Gross unemployment	60 year and over	Langeland	36	32	29	29	28	22	22	26	33	30	33	31	37	32	30	25	25	22	22	24	27	28	36	38	38	40
Total	Total	Gross unemployment	60 year and over	Middelfart	45	42	49	41	48	42	33	47	51	55	52	51	58	60	58	48	63	66	58	51	54	51	61	53	55	56
Total	Total	Gross unemployment	60 year and over	Nordfyns	59	61	54	41	45	42	40	41	44	47	49	58	69	69	65	57	58	59	51	55	53	65	64	69	81	78
Total	Total	Gross unemployment	60 year and over	Nyborg	55	54	52	41	43	34	25	29	26	32	37	39	45	47	49	43	47	42	34	44	49	53	58	53	62	57
Total	Total	Gross unemployment	60 year and over	Odense	249	251	244	206	221	215	201	220	233	245	258	269	268	266	264	221	255	259	236	262	288	309	321	319	323	320
Total	Total	Gross unemployment	60 year and over	Svendborg	109	106	105	88	99	91	86	97	100	105	111	115	130	126	120	110	124	110	92	100	111	121	128	131	145	136
Total	Total	Gross unemployment	60 year and over	Ærø	11	10	8	10	9	8	5	6	7	6	6	9	9	9	7	9	10	8	4	9	10	12	15	16	16	19
Total	Total	Gross unemployment	60 year and over	Province Sydjylland	999	1023	972	819	864	806	696	748	778	847	899	974	1048	1043	988	857	901	905	792	876	899	976	1075	1159	1267	1257
Total	Total	Gross unemployment	60 year and over	Billund	30	37	34	28	27	26	20	24	24	21	26	27	34	33	31	22	24	22	17	18	17	23	28	30	36	36
Total	Total	Gross unemployment	60 year and over	Esbjerg	166	178	163	130	147	134	118	118	126	132	149	162	179	177	166	146	145	151	130	142	156	163	180	189	198	200
Total	Total	Gross unemployment	60 year and over	Fanø	17	15	17	14	12	9	12	13	14	13	15	13	15	15	13	10	9	11	13	15	16	17	20	23	23	20
Total	Total	Gross unemployment	60 year and over	Fredericia	85	80	80	74	84	79	63	76	83	83	86	89	88	92	89	88	87	89	80	84	81	96	92	92	96	95
Total	Total	Gross unemployment	60 year and over	Haderslev	84	89	89	79	92	84	68	75	68	83	76	78	83	78	74	67	76	76	66	78	78	91	97	100	113	111
Total	Total	Gross unemployment	60 year and over	Kolding	108	112	112	91	97	88	84	92	91	105	107	115	125	129	124	105	110	106	103	115	121	118	135	146	166	163
Total	Total	Gross unemployment	60 year and over	Sønderborg	93	93	94	81	85	82	67	76	89	96	93	103	105	99	101	93	106	108	92	95	95	107	114	123	137	148
Total	Total	Gross unemployment	60 year and over	Tønder	64	71	65	48	51	45	39	41	35	42	53	66	75	74	70	56	68	66	49	61	59	60	78	92	92	88
Total	Total	Gross unemployment	60 year and over	Varde	80	74	64	51	47	50	37	41	39	47	52	59	64	63	57	48	44	44	39	39	45	48	62	70	83	87
Total	Total	Gross unemployment	60 year and over	Vejen	50	50	47	38	38	34	24	27	38	40	44	51	54	62	48	38	35	37	29	43	43	42	47	47	56	57
Total	Total	Gross unemployment	60 year and over	Vejle	116	112	100	87	94	89	83	88	98	109	115	123	134	133	124	103	116	119	102	112	107	123	132	151	168	158
Total	Total	Gross unemployment	60 year and over	Aabenraa	107	112	108	98	90	87	81	77	73	78	82	89	93	87	92	82	79	78	71	76	81	87	90	94	98	94
Total	Total	Gross unemployment	60 year and over	Region Midtjylland	1443	1428	1418	1231	1343	1297	1085	1237	1294	1359	1431	1514	1633	1653	1610	1403	1509	1459	1288	1475	1555	1614	1677	1799	1923	1889
Total	Total	Gross unemployment	60 year and over	Province Østjylland	982	966	951	840	924	891	761	864	886	927	988	1027	1109	1121	1095	971	1056	1030	908	1035	1080	1125	1165	1225	1286	1256
Total	Total	Gross unemployment	60 year and over	Favrskov	53	49	52	41	49	49	40	47	46	49	45	48	53	55	50	41	43	41	31	36	42	45	51	55	57	60
Total	Total	Gross unemployment	60 year and over	Hedensted	36	34	37	34	39	46	37	45	46	47	46	54	62	62	54	47	55	50	38	46	52	51	53	58	62	56
Total	Total	Gross unemployment	60 year and over	Horsens	104	104	107	98	106	94	73	80	74	81	88	89	97	93	91	80	92	87	77	88	92	99	99	106	115	113
Total	Total	Gross unemployment	60 year and over	Norddjurs	64	67	73	63	70	62	46	53	63	65	76	78	85	85	86	77	73	74	72	79	82	88	90	93	92	89
Total	Total	Gross unemployment	60 year and over	Odder	27	25	23	19	21	20	19	21	22	19	26	24	25	25	29	25	27	23	22	22	24	24	28	36	34	30
Total	Total	Gross unemployment	60 year and over	Randers	119	115	119	104	105	101	82	96	98	108	109	114	125	131	121	103	115	115	98	108	123	130	133	137	149	152
Total	Total	Gross unemployment	60 year and over	Samsø	8	11	10	11	8	8	8	7	10	8	8	10	11	10	10	10	9	6	8	8	10	10	10	11	13	14
Total	Total	Gross unemployment	60 year and over	Silkeborg	144	134	124	99	108	97	86	93	106	107	122	124	142	141	130	107	113	108	94	110	115	120	135	143	152	142
Total	Total	Gross unemployment	60 year and over	Skanderborg	40	40	39	35	41	41	42	45	48	49	44	49	59	56	63	53	58	54	48	48	51	61	71	75	77	77
Total	Total	Gross unemployment	60 year and over	Syddjurs	54	54	52	46	55	58	56	62	58	55	63	68	73	77	79	71	72	71	67	71	70	76	77	91	93	96
Total	Total	Gross unemployment	60 year and over	Aarhus	333	333	315	290	321	317	271	314	316	339	361	368	378	386	381	357	399	400	352	419	418	421	418	421	441	427
Total	Total	Gross unemployment	60 year and over	Province Vestjylland	461	462	468	390	420	405	324	373	408	431	443	487	524	532	515	432	453	429	380	440	474	490	512	574	637	633
Total	Total	Gross unemployment	60 year and over	Herning	101	106	109	98	95	97	73	89	94	96	105	111	117	113	104	93	90	91	82	87	97	103	107	123	133	124
Total	Total	Gross unemployment	60 year and over	Holstebro	43	42	41	36	39	38	31	41	47	53	48	54	60	61	65	51	57	49	38	44	43	50	56	58	59	68
Total	Total	Gross unemployment	60 year and over	Ikast-Brande	54	53	57	47	49	45	41	39	40	44	44	46	53	53	48	44	42	36	36	42	48	48	47	55	65	70
Total	Total	Gross unemployment	60 year and over	Lemvig	26	22	20	13	14	12	11	15	13	15	14	18	19	24	26	22	22	20	18	16	19	22	28	34	40	38
Total	Total	Gross unemployment	60 year and over	Ringkøbing-Skjern	64	65	67	59	60	61	44	48	58	58	60	66	67	62	63	45	50	51	41	55	65	56	63	74	83	83
Total	Total	Gross unemployment	60 year and over	Skive	57	54	52	42	49	46	32	42	50	54	52	59	70	70	60	48	52	50	44	49	49	53	57	68	82	77
Total	Total	Gross unemployment	60 year and over	Struer	28	28	24	20	22	23	18	19	22	24	27	35	32	36	36	29	33	32	28	36	35	39	40	42	42	40
Total	Total	Gross unemployment	60 year and over	Viborg	89	91	97	74	90	83	73	80	85	87	91	98	107	113	113	99	107	100	93	110	117	117	113	120	133	133
Total	Total	Gross unemployment	60 year and over	Region Nordjylland	993	986	930	770	836	786	683	765	790	876	915	977	1106	1078	1033	877	905	868	763	847	907	973	1046	1124	1241	1228
Total	Total	Gross unemployment	60 year and over	Province Nordjylland	993	986	930	770	836	786	683	765	790	876	915	977	1106	1078	1033	877	905	868	763	847	907	973	1046	1124	1241	1228
Total	Total	Gross unemployment	60 year and over	Brønderslev	52	47	48	40	48	41	38	47	49	51	58	56	61	61	55	46	45	41	34	37	40	45	55	63	65	69
Total	Total	Gross unemployment	60 year and over	Frederikshavn	137	138	134	114	112	101	93	94	113	120	131	136	148	145	140	119	124	108	94	100	112	117	138	142	145	150
Total	Total	Gross unemployment	60 year and over	Hjørring	141	135	142	105	111	109	93	109	97	105	111	126	146	140	144	119	117	119	107	107	115	122	126	145	172	169
Total	Total	Gross unemployment	60 year and over	Jammerbugt	71	70	65	43	55	54	42	46	49	53	60	64	72	72	66	52	61	60	48	52	56	68	81	89	97	91
Total	Total	Gross unemployment	60 year and over	Læsø	6	6	5	3	4	3	2	2	4	5	8	10	10	8	6	4	4	3	3	4	4	5	8	10	10	7
Total	Total	Gross unemployment	60 year and over	Mariagerfjord	87	89	81	69	74	68	66	68	66	76	75	89	95	89	84	70	77	70	60	64	69	82	80	89	104	93
Total	Total	Gross unemployment	60 year and over	Morsø	28	30	25	19	18	21	19	27	27	33	32	32	41	40	37	30	27	27	23	30	37	32	38	41	43	42
Total	Total	Gross unemployment	60 year and over	Rebild	48	47	44	41	42	38	32	35	32	37	43	41	49	50	50	38	38	37	39	41	42	48	59	63	63	63
Total	Total	Gross unemployment	60 year and over	Thisted	66	66	53	39	44	47	41	42	51	54	56	64	96	95	83	74	76	67	51	68	72	83	82	93	102	100
Total	Total	Gross unemployment	60 year and over	Vesthimmerlands	53	51	48	37	41	35	25	34	36	41	44	51	53	48	53	48	49	46	36	50	47	48	54	60	65	74
Total	Total	Gross unemployment	60 year and over	Aalborg	304	308	285	258	287	270	232	261	264	300	297	308	334	331	316	278	287	289	267	294	314	322	324	330	377	370
Total	Total	Gross unemployment	60 year and over	Unknown municipality	0	0	0	0	0	0	0	0	0	0	0	0	0	0	0	0	0	0	0	0	0	0	0	0	0	0
Total	Total	Gross unemployment	60 year and over	Abroad	3	3	4	4	1	1	0	3	2	2	3	4	5	6	5	5	1	3	3	1	5	3	1	3	3	5
